# angle(deg)  O-Si-O_LES  O-Si-O_HES  Si-O-Si_LES  Si-O-Si_HES   [Dechant JPCC2026 Fig.4, colour-digitized, area-normalised]
6.000000000000000000e+01 0.000000000000000000e+00 0.000000000000000000e+00 0.000000000000000000e+00 0.000000000000000000e+00
6.100000000000000000e+01 0.000000000000000000e+00 0.000000000000000000e+00 0.000000000000000000e+00 0.000000000000000000e+00
6.200000000000000000e+01 0.000000000000000000e+00 0.000000000000000000e+00 0.000000000000000000e+00 0.000000000000000000e+00
6.300000000000000000e+01 0.000000000000000000e+00 0.000000000000000000e+00 0.000000000000000000e+00 0.000000000000000000e+00
6.400000000000000000e+01 0.000000000000000000e+00 0.000000000000000000e+00 0.000000000000000000e+00 0.000000000000000000e+00
6.500000000000000000e+01 0.000000000000000000e+00 0.000000000000000000e+00 0.000000000000000000e+00 0.000000000000000000e+00
6.600000000000000000e+01 0.000000000000000000e+00 0.000000000000000000e+00 0.000000000000000000e+00 0.000000000000000000e+00
6.700000000000000000e+01 0.000000000000000000e+00 0.000000000000000000e+00 0.000000000000000000e+00 0.000000000000000000e+00
6.800000000000000000e+01 0.000000000000000000e+00 0.000000000000000000e+00 0.000000000000000000e+00 0.000000000000000000e+00
6.900000000000000000e+01 0.000000000000000000e+00 0.000000000000000000e+00 0.000000000000000000e+00 0.000000000000000000e+00
7.000000000000000000e+01 0.000000000000000000e+00 2.804035006374172427e-04 0.000000000000000000e+00 0.000000000000000000e+00
7.100000000000000000e+01 0.000000000000000000e+00 2.804035006374172427e-04 0.000000000000000000e+00 0.000000000000000000e+00
7.200000000000000000e+01 2.795604067914541323e-04 2.804035006374172427e-04 0.000000000000000000e+00 0.000000000000000000e+00
7.300000000000000000e+01 2.795604067914541323e-04 2.804035006374172427e-04 0.000000000000000000e+00 0.000000000000000000e+00
7.400000000000000000e+01 2.795604067914541323e-04 2.804035006374172427e-04 0.000000000000000000e+00 0.000000000000000000e+00
7.500000000000000000e+01 2.795604067914541323e-04 2.804035006374172427e-04 0.000000000000000000e+00 0.000000000000000000e+00
7.600000000000000000e+01 2.795604067914541323e-04 2.804035006374172427e-04 0.000000000000000000e+00 0.000000000000000000e+00
7.700000000000000000e+01 2.795604067914541323e-04 2.804035006374172427e-04 0.000000000000000000e+00 0.000000000000000000e+00
7.800000000000000000e+01 2.795604067914541323e-04 2.804035006374172427e-04 0.000000000000000000e+00 0.000000000000000000e+00
7.900000000000000000e+01 2.795604067914541323e-04 2.804035006374172427e-04 0.000000000000000000e+00 0.000000000000000000e+00
8.000000000000000000e+01 2.795604067914541323e-04 2.804035006374172427e-04 0.000000000000000000e+00 0.000000000000000000e+00
8.100000000000000000e+01 2.795604067914541323e-04 4.720125594063186917e-04 0.000000000000000000e+00 0.000000000000000000e+00
8.200000000000000000e+01 2.795604067914541323e-04 7.010087515935430795e-04 0.000000000000000000e+00 0.000000000000000000e+00
8.300000000000000000e+01 2.795604067914541323e-04 9.627186855217999099e-04 0.000000000000000000e+00 0.000000000000000000e+00
8.400000000000000000e+01 2.795604067914541323e-04 1.261815752868377565e-03 0.000000000000000000e+00 0.000000000000000000e+00
8.500000000000000000e+01 2.795604067914541323e-04 1.682421003824503348e-03 0.000000000000000000e+00 0.000000000000000000e+00
8.600000000000000000e+01 2.795604067914541323e-04 1.542219253505794753e-03 0.000000000000000000e+00 0.000000000000000000e+00
8.700000000000000000e+01 2.795604067914541323e-04 1.261815752868377565e-03 0.000000000000000000e+00 0.000000000000000000e+00
8.800000000000000000e+01 2.795604067914541323e-04 9.533719021672197851e-04 0.000000000000000000e+00 0.000000000000000000e+00
8.900000000000000000e+01 2.795604067914541323e-04 6.636216181752223634e-04 0.000000000000000000e+00 0.000000000000000000e+00
9.000000000000000000e+01 4.193406101871811984e-04 4.673391677290287378e-04 0.000000000000000000e+00 0.000000000000000000e+00
9.100000000000000000e+01 4.752526915454696071e-04 3.444957293545410646e-04 0.000000000000000000e+00 0.000000000000000000e+00
9.200000000000000000e+01 1.076307566147099559e-03 4.206052509561258369e-04 0.000000000000000000e+00 0.000000000000000000e+00
9.300000000000000000e+01 1.719296501767447619e-03 7.010087515935430795e-04 0.000000000000000000e+00 0.000000000000000000e+00
9.400000000000000000e+01 2.627867823839669104e-03 1.289856102932119023e-03 0.000000000000000000e+00 0.000000000000000000e+00
9.500000000000000000e+01 4.799120316586645389e-03 2.476897588963860360e-03 0.000000000000000000e+00 0.000000000000000000e+00
9.600000000000000000e+01 6.318065193486867466e-03 4.196705726206684424e-03 0.000000000000000000e+00 3.198300022225469569e-03
9.700000000000000000e+01 9.477097790230296429e-03 6.813805065489247741e-03 0.000000000000000000e+00 2.114130523165988051e-03
9.800000000000000000e+01 1.338162480508427350e-02 1.020668742320199503e-02 0.000000000000000000e+00 1.333528483843162641e-03
9.900000000000000000e+01 2.018426137034299780e-02 1.461836916656402210e-02 0.000000000000000000e+00 7.426561068557453477e-04
1.000000000000000000e+02 2.432175539085651081e-02 2.074985904716887541e-02 0.000000000000000000e+00 3.252508497178448785e-04
1.010000000000000000e+02 2.886927134133080927e-02 2.767894110736459842e-02 0.000000000000000000e+00 2.439381372883836453e-04
1.020000000000000000e+02 3.557872110432572232e-02 3.360869624723308857e-02 0.000000000000000000e+00 2.439381372883836453e-04
1.030000000000000000e+02 4.062012710679825667e-02 4.130343564389155064e-02 0.000000000000000000e+00 3.415133922037363878e-04
1.040000000000000000e+02 4.779551088111223811e-02 4.646286005561998944e-02 0.000000000000000000e+00 5.095596645579560059e-04
1.050000000000000000e+02 5.204482906434233780e-02 5.262239028628862975e-02 0.000000000000000000e+00 8.402313617710979819e-04
1.060000000000000000e+02 5.574434511421591520e-02 5.735052740894143464e-02 0.000000000000000000e+00 1.561204078645651036e-03
1.070000000000000000e+02 5.820447669398075285e-02 6.006242983653477252e-02 3.929062024049226245e-04 2.390593745426160353e-03
1.080000000000000000e+02 5.931339964092018080e-02 6.120273740579359328e-02 8.813841837732033909e-04 3.263350192169042329e-03
1.090000000000000000e+02 5.949045456522144421e-02 6.104384208876573181e-02 1.550386636516717974e-03 4.179473418874303688e-03
1.100000000000000000e+02 5.689054278206095300e-02 5.935207430158665615e-02 2.415842190462694737e-03 5.176909358009026442e-03
1.110000000000000000e+02 5.326557617399835937e-02 5.651999894514871114e-02 3.881276134567550155e-03 6.114715974695486382e-03
1.120000000000000000e+02 4.934241179869162941e-02 5.260369671957945692e-02 4.794517577995201923e-03 6.879055471532420987e-03
1.130000000000000000e+02 4.510241229568792004e-02 4.819201497621742464e-02 6.806834479501492653e-03 7.551240560949299026e-03
1.140000000000000000e+02 4.084377543223144391e-02 4.353998737516619200e-02 8.744817775147390934e-03 8.120429547955528363e-03
1.150000000000000000e+02 3.690197369647194719e-02 3.589164808158940706e-02 1.035360938769727332e-02 8.619147517522889740e-03
1.160000000000000000e+02 3.264333683301547107e-02 3.325585517559768306e-02 1.102792138371653033e-02 8.781772942381811664e-03
1.170000000000000000e+02 2.662346940677282059e-02 2.886909818784787196e-02 1.227566405351594725e-02 9.058236164641977894e-03
1.180000000000000000e+02 2.479700808240200074e-02 2.399007727675681739e-02 1.275883249160848602e-02 9.903888373908374329e-03
1.190000000000000000e+02 2.127454695682969021e-02 1.938923444169494623e-02 1.336412042504309811e-02 1.090132431304309535e-02
1.200000000000000000e+02 1.742593202333401342e-02 1.620109114793967173e-02 1.393755109882324934e-02 1.179034330227187247e-02
1.210000000000000000e+02 1.459305323451391689e-02 1.301072242957616691e-02 1.495698340776573099e-02 1.294498381877021327e-02
1.220000000000000000e+02 1.155516348071343631e-02 1.004779210617411621e-02 1.714451523737154162e-02 1.509706027440330112e-02
1.230000000000000000e+02 9.188218703212472360e-03 7.972806201457231789e-03 1.940638067283770654e-02 1.770990876713665271e-02
1.240000000000000000e+02 7.576087024048410411e-03 6.561441914915565506e-03 2.153550752641032046e-02 1.956383861052836404e-02
1.250000000000000000e+02 5.296116595327011664e-03 5.795005679839958408e-03 2.272484522017657882e-02 2.127682641904234465e-02
1.260000000000000000e+02 4.062944578702459841e-03 4.598617410453647789e-03 2.603269068096399075e-02 2.340721948469424649e-02
1.270000000000000000e+02 3.360316089633281177e-03 3.420922707776487878e-03 2.814588890470937077e-02 2.549966661787904376e-02
1.280000000000000000e+02 2.417265650723437846e-03 2.944236756692880912e-03 2.897948719900088344e-02 2.686029933919869064e-02
1.290000000000000000e+02 1.826461324370833505e-03 2.402123322127207219e-03 2.992458590208300906e-02 2.778726426089454804e-02
1.300000000000000000e+02 1.258021830561539692e-03 1.822622754143211942e-03 3.074225556654729130e-02 2.829682392545250502e-02
1.310000000000000000e+02 8.293625401479770651e-04 1.112267219195088412e-03 3.068208074275554503e-02 2.854618291023618484e-02
1.320000000000000000e+02 5.404834531301462748e-04 9.627186855218007773e-04 2.989272864242855862e-02 2.861123308017975500e-02
1.330000000000000000e+02 4.193406101871811984e-04 8.412105019122516738e-04 2.765210138006533522e-02 2.818298612805125378e-02
1.340000000000000000e+02 2.795604067914541323e-04 5.234198678565153955e-04 2.589995209907041546e-02 2.743490917370022819e-02
1.350000000000000000e+02 2.795604067914541323e-04 3.271374174103200893e-04 2.418496962100568498e-02 2.588454679004515216e-02
1.360000000000000000e+02 2.795604067914541323e-04 2.804035006374172427e-04 2.273015476345234889e-02 2.414987559154999422e-02
1.370000000000000000e+02 2.795604067914541323e-04 2.804035006374172427e-04 2.166824610830387493e-02 2.278382202273501050e-02
1.380000000000000000e+02 2.795604067914541323e-04 2.804035006374172427e-04 2.122012065583123858e-02 2.161833981124610185e-02
1.390000000000000000e+02 2.795604067914541323e-04 2.804035006374172427e-04 2.081871918418513184e-02 2.070221658454081404e-02
1.400000000000000000e+02 2.795604067914541323e-04 2.804035006374172427e-04 2.028245531333518203e-02 1.975898912035908839e-02
1.410000000000000000e+02 2.795604067914541323e-04 2.804035006374172427e-04 1.973557235593373371e-02 1.870734470627136853e-02
1.420000000000000000e+02 2.795604067914541323e-04 2.804035006374172427e-04 1.913028442249911643e-02 1.777495893708022287e-02
1.430000000000000000e+02 2.795604067914541323e-04 2.804035006374172427e-04 1.881702136923032662e-02 1.686425655787025454e-02
1.440000000000000000e+02 2.795604067914541323e-04 2.804035006374172427e-04 1.861171902923496393e-02 1.595897502615558836e-02
1.450000000000000000e+02 2.795604067914541323e-04 2.804035006374172427e-04 1.853030603234025186e-02 1.520547722430924675e-02
1.460000000000000000e+02 2.795604067914541323e-04 2.804035006374172427e-04 1.855685374871895998e-02 1.478807196717134807e-02
1.470000000000000000e+02 2.795604067914541323e-04 2.804035006374172427e-04 1.845597242647985942e-02 1.435982501504285205e-02
1.480000000000000000e+02 2.795604067914541323e-04 2.804035006374172427e-04 1.782413677666655136e-02 1.353043534826234642e-02
1.490000000000000000e+02 2.795604067914541323e-04 0.000000000000000000e+00 1.705956254495966801e-02 1.280404178389249817e-02
1.500000000000000000e+02 0.000000000000000000e+00 0.000000000000000000e+00 1.635339328928595709e-02 1.252215771413702806e-02
1.510000000000000000e+02 0.000000000000000000e+00 0.000000000000000000e+00 1.525962737448306045e-02 1.232700720430632280e-02
1.520000000000000000e+02 0.000000000000000000e+00 0.000000000000000000e+00 1.501538838379891903e-02 1.187707686219663557e-02
1.530000000000000000e+02 0.000000000000000000e+00 0.000000000000000000e+00 1.468619670070290747e-02 1.142172567259165661e-02
1.540000000000000000e+02 0.000000000000000000e+00 0.000000000000000000e+00 1.395347972865047630e-02 1.130246702769510843e-02
1.550000000000000000e+02 0.000000000000000000e+00 0.000000000000000000e+00 1.330040590573420417e-02 1.124825855274214081e-02
1.560000000000000000e+02 0.000000000000000000e+00 0.000000000000000000e+00 1.277210634979785049e-02 1.122115431526564747e-02
1.570000000000000000e+02 0.000000000000000000e+00 0.000000000000000000e+00 1.205797277921051742e-02 1.122115431526564747e-02
1.580000000000000000e+02 0.000000000000000000e+00 0.000000000000000000e+00 1.155887571129075170e-02 1.122115431526564747e-02
1.590000000000000000e+02 0.000000000000000000e+00 0.000000000000000000e+00 1.045803040545353717e-02 1.137835889262927246e-02
1.600000000000000000e+02 0.000000000000000000e+00 0.000000000000000000e+00 9.796107343744343832e-03 1.179034330227187594e-02
1.610000000000000000e+02 0.000000000000000000e+00 0.000000000000000000e+00 9.373467698995267827e-03 1.219690686441918248e-02
1.620000000000000000e+02 0.000000000000000000e+00 0.000000000000000000e+00 8.999675852383015248e-03 1.184997262472014916e-02
1.630000000000000000e+02 0.000000000000000000e+00 0.000000000000000000e+00 8.824460924283522231e-03 1.136751719763867859e-02
1.640000000000000000e+02 0.000000000000000000e+00 0.000000000000000000e+00 8.532436044117705162e-03 1.105852889040672554e-02
1.650000000000000000e+02 0.000000000000000000e+00 0.000000000000000000e+00 7.738659324394237329e-03 1.070617380321239355e-02
1.660000000000000000e+02 0.000000000000000000e+00 0.000000000000000000e+00 7.422741499487590239e-03 1.019661413865444698e-02
1.670000000000000000e+02 0.000000000000000000e+00 0.000000000000000000e+00 7.026295601565504118e-03 9.638266846638801968e-03
1.680000000000000000e+02 0.000000000000000000e+00 0.000000000000000000e+00 6.619230617091935963e-03 9.345541081892743199e-03
1.690000000000000000e+02 0.000000000000000000e+00 0.000000000000000000e+00 6.244022892272818245e-03 9.107023792099655513e-03
1.700000000000000000e+02 0.000000000000000000e+00 0.000000000000000000e+00 5.707759021422856294e-03 8.835981417334786217e-03
1.710000000000000000e+02 0.000000000000000000e+00 0.000000000000000000e+00 4.838321310020073443e-03 8.418576160196884067e-03
1.720000000000000000e+02 0.000000000000000000e+00 0.000000000000000000e+00 4.189229644560589841e-03 7.692182595827030608e-03
1.730000000000000000e+02 0.000000000000000000e+00 0.000000000000000000e+00 3.736856557467363275e-03 7.014576658914853900e-03
1.740000000000000000e+02 0.000000000000000000e+00 0.000000000000000000e+00 3.150682979825422322e-03 6.911580556504203464e-03
1.750000000000000000e+02 0.000000000000000000e+00 0.000000000000000000e+00 2.707867070628517878e-03 6.423704281927435956e-03
1.760000000000000000e+02 0.000000000000000000e+00 0.000000000000000000e+00 2.374693230075696111e-03 4.911287830739461888e-03
1.770000000000000000e+02 0.000000000000000000e+00 0.000000000000000000e+00 1.703036005694314814e-03 3.116987309796018148e-03
1.780000000000000000e+02 0.000000000000000000e+00 0.000000000000000000e+00 1.067218198424184621e-03 2.065342895708319106e-03
1.790000000000000000e+02 0.000000000000000000e+00 0.000000000000000000e+00 0.000000000000000000e+00 1.317265941357277474e-03
1.800000000000000000e+02 0.000000000000000000e+00 0.000000000000000000e+00 0.000000000000000000e+00 0.000000000000000000e+00
