# r(A)  g_SiO  g_OO  g_SiSi   [Dechant JPCC2026 LES, colour-digitized, offset=0 below 1st peak, scale set by 1st-shell CN = 4/6/4]
1.000000000000000000e+00 0.000000000000000000e+00 0.000000000000000000e+00 0.000000000000000000e+00
1.020000000000000018e+00 0.000000000000000000e+00 0.000000000000000000e+00 0.000000000000000000e+00
1.040000000000000036e+00 0.000000000000000000e+00 0.000000000000000000e+00 0.000000000000000000e+00
1.060000000000000053e+00 0.000000000000000000e+00 5.693208861335054445e-03 0.000000000000000000e+00
1.080000000000000071e+00 6.070833393846512133e-03 5.693208861335054445e-03 0.000000000000000000e+00
1.100000000000000089e+00 2.630694470666726167e-02 5.693208861335054445e-03 1.918525639672070222e-03
1.120000000000000107e+00 0.000000000000000000e+00 5.693208861335054445e-03 1.918525639672070222e-03
1.140000000000000124e+00 0.000000000000000000e+00 5.693208861335054445e-03 1.918525639672070222e-03
1.160000000000000142e+00 2.630694470666726167e-02 4.283756214125665658e-03 1.918525639672070222e-03
1.180000000000000160e+00 2.630694470666726167e-02 2.812121832480417825e-03 1.918525639672070222e-03
1.200000000000000178e+00 2.630694470666726167e-02 1.340487450835317227e-03 0.000000000000000000e+00
1.220000000000000195e+00 2.630694470666726167e-02 0.000000000000000000e+00 0.000000000000000000e+00
1.240000000000000213e+00 2.630694470666726167e-02 0.000000000000000000e+00 0.000000000000000000e+00
1.260000000000000231e+00 2.630694470666726167e-02 0.000000000000000000e+00 0.000000000000000000e+00
1.280000000000000249e+00 2.630694470666726167e-02 0.000000000000000000e+00 0.000000000000000000e+00
1.300000000000000266e+00 0.000000000000000000e+00 5.693208861335054445e-03 0.000000000000000000e+00
1.320000000000000284e+00 1.281620383145406702e-02 5.693208861335054445e-03 1.270871442330212629e-03
1.340000000000000302e+00 2.630694470666726167e-02 4.242301724501513875e-03 1.918525639672070222e-03
1.360000000000000320e+00 0.000000000000000000e+00 1.133215002716618730e-03 1.918525639672070222e-03
1.380000000000000338e+00 0.000000000000000000e+00 0.000000000000000000e+00 1.918525639672070222e-03
1.400000000000000355e+00 6.003379689470431796e-02 0.000000000000000000e+00 1.918525639672070222e-03
1.420000000000000373e+00 1.561553256306040804e-01 0.000000000000000000e+00 1.918525639672070222e-03
1.440000000000000391e+00 2.522768543665036001e-01 0.000000000000000000e+00 1.918525639672070222e-03
1.460000000000000409e+00 3.483983831024031197e-01 0.000000000000000000e+00 1.918525639672070222e-03
1.480000000000000426e+00 4.445199118383028614e-01 0.000000000000000000e+00 1.918525639672070222e-03
1.500000000000000444e+00 5.406414405742023810e-01 0.000000000000000000e+00 1.918525639672070222e-03
1.520000000000000462e+00 6.502537101853278489e-01 0.000000000000000000e+00 1.918525639672070222e-03
1.540000000000000480e+00 1.002699315550280579e+00 0.000000000000000000e+00 1.918525639672070222e-03
1.560000000000000497e+00 1.220237512163110605e+00 0.000000000000000000e+00 1.918525639672070222e-03
1.580000000000000515e+00 7.473195907824942807e+00 3.827756828263380491e-03 1.918525639672070222e-03
1.600000000000000533e+00 1.414099458539941878e+01 1.547759898954751898e-03 1.918525639672070222e-03
1.620000000000000551e+00 1.908535111616541258e+01 5.485936413215619124e-03 1.918525639672070222e-03
1.640000000000000568e+00 2.797912203815019794e+01 0.000000000000000000e+00 1.918525639672070222e-03
1.660000000000000586e+00 2.513932108391707132e+01 4.702907164766253686e-03 1.918525639672070222e-03
1.680000000000000604e+00 1.318989735369644123e+01 3.067757851827171249e-03 1.918525639672070222e-03
1.700000000000000622e+00 8.533905409138366593e+00 1.432608538888235613e-03 1.918525639672070222e-03
1.720000000000000639e+00 5.213496811226324468e+00 0.000000000000000000e+00 0.000000000000000000e+00
1.740000000000000657e+00 3.515349803558880382e+00 0.000000000000000000e+00 0.000000000000000000e+00
1.760000000000000675e+00 1.027994454691301129e+00 0.000000000000000000e+00 1.918525639672070222e-03
1.780000000000000693e+00 8.979352809411875747e-01 0.000000000000000000e+00 1.918525639672070222e-03
1.800000000000000711e+00 7.177074145613763223e-01 5.693208861335054445e-03 1.918525639672070222e-03
1.820000000000000728e+00 5.374795481815647369e-01 5.693208861335054445e-03 1.918525639672070222e-03
1.840000000000000746e+00 3.572516818017532625e-01 5.693208861335054445e-03 1.918525639672070222e-03
1.860000000000000764e+00 1.770238154219417603e-01 5.693208861335054445e-03 1.918525639672070222e-03
1.880000000000000782e+00 0.000000000000000000e+00 5.693208861335054445e-03 1.918525639672070222e-03
1.900000000000000799e+00 2.630694470666726167e-02 0.000000000000000000e+00 1.918525639672070222e-03
1.920000000000000817e+00 0.000000000000000000e+00 0.000000000000000000e+00 1.918525639672070222e-03
1.940000000000000835e+00 0.000000000000000000e+00 0.000000000000000000e+00 1.918525639672070222e-03
1.960000000000000853e+00 0.000000000000000000e+00 0.000000000000000000e+00 1.918525639672070222e-03
1.980000000000000870e+00 1.450254644085955183e-02 0.000000000000000000e+00 1.918525639672070222e-03
2.000000000000000888e+00 2.630694470666726167e-02 0.000000000000000000e+00 1.918525639672070222e-03
2.020000000000000906e+00 2.630694470666726167e-02 0.000000000000000000e+00 1.918525639672070222e-03
2.040000000000000924e+00 2.630694470666726167e-02 0.000000000000000000e+00 1.918525639672070222e-03
2.060000000000000941e+00 2.630694470666726167e-02 5.693208861335054445e-03 1.918525639672070222e-03
2.080000000000000959e+00 2.630694470666726167e-02 0.000000000000000000e+00 1.918525639672070222e-03
2.100000000000000977e+00 2.630694470666726167e-02 0.000000000000000000e+00 1.918525639672070222e-03
2.120000000000000995e+00 2.630694470666726167e-02 0.000000000000000000e+00 1.918525639672070222e-03
2.140000000000001013e+00 0.000000000000000000e+00 0.000000000000000000e+00 1.918525639672070222e-03
2.160000000000001030e+00 0.000000000000000000e+00 0.000000000000000000e+00 1.918525639672070222e-03
2.180000000000001048e+00 0.000000000000000000e+00 0.000000000000000000e+00 1.918525639672070222e-03
2.200000000000001066e+00 0.000000000000000000e+00 0.000000000000000000e+00 1.918525639672070222e-03
2.220000000000001084e+00 0.000000000000000000e+00 6.495792904385755970e-04 1.918525639672070222e-03
2.240000000000001101e+00 2.630694470666726167e-02 2.284728603377658360e-03 0.000000000000000000e+00
2.260000000000001119e+00 2.630694470666726167e-02 3.919877916316740797e-03 0.000000000000000000e+00
2.280000000000001137e+00 2.630694470666726167e-02 5.555027229255823235e-03 0.000000000000000000e+00
2.300000000000001155e+00 2.630694470666726167e-02 8.802295583121422587e-03 0.000000000000000000e+00
2.320000000000001172e+00 2.630694470666726167e-02 2.351863939957287222e-02 0.000000000000000000e+00
2.340000000000001190e+00 2.630694470666726167e-02 4.859860562197603623e-02 0.000000000000000000e+00
2.360000000000001208e+00 2.630694470666726167e-02 1.155476063644322871e-01 6.551501949965258306e-05
2.380000000000001226e+00 2.630694470666726167e-02 2.627110445289470575e-01 1.918525639672070222e-03
2.400000000000001243e+00 0.000000000000000000e+00 3.684199930696450132e-01 1.918525639672070222e-03
2.420000000000001261e+00 2.630694470666726167e-02 3.854163338154072971e-01 1.918525639672070222e-03
2.440000000000001279e+00 2.630694470666726167e-02 5.077070782056660736e-01 1.918525639672070222e-03
2.460000000000001297e+00 2.630694470666726167e-02 9.912736996673767731e-01 1.918525639672070222e-03
2.480000000000001315e+00 2.630694470666726167e-02 1.184244348866191565e+00 1.918525639672070222e-03
2.500000000000001332e+00 0.000000000000000000e+00 1.694963661031499536e+00 1.918525639672070222e-03
2.520000000000001350e+00 0.000000000000000000e+00 2.224752038423757128e+00 1.918525639672070222e-03
2.540000000000001368e+00 0.000000000000000000e+00 2.740653161792026449e+00 5.129811034825626503e-03
2.560000000000001386e+00 0.000000000000000000e+00 3.279354254453399786e+00 9.096692993544324909e-03
2.580000000000001403e+00 6.370627635527086703e-04 3.723331838324338339e+00 1.306357495226302505e-02
2.600000000000001421e+00 1.131723262309696637e-02 3.962524243453731554e+00 1.703045691098172346e-02
2.620000000000001439e+00 2.199740248264146422e-02 4.452101765910859932e+00 2.099733886970060054e-02
2.640000000000001457e+00 8.364259342633459382e-02 4.495214435119621932e+00 2.496422082841930068e-02
2.660000000000001474e+00 9.376064908273706866e-02 4.488581716779803443e+00 5.266942815915742065e-02
2.680000000000001492e+00 9.376064908273706866e-02 4.373752780521825478e+00 1.005238771849693569e-01
2.700000000000001510e+00 9.376064908273706866e-02 3.895160697814977535e+00 1.421761377515158575e-01
2.720000000000001528e+00 5.666111167589143321e-02 3.702190048616149642e+00 3.993623180751380564e-01
2.740000000000001545e+00 5.022234898545833992e-02 3.200383451719972960e+00 4.668307945634781464e-01
2.760000000000001563e+00 8.517563216214889266e-02 2.992903731152849023e+00 8.217407971082143492e-01
2.780000000000001581e+00 1.201289153388396952e-01 2.497729852596448197e+00 9.251001103659667324e-01
2.800000000000001599e+00 1.550821985155304839e-01 2.277399240245949308e+00 1.297136968351510600e+00
2.820000000000001616e+00 1.900354816922212864e-01 1.795905343265392196e+00 1.571512970496202755e+00
2.840000000000001634e+00 2.249887648689120889e-01 1.515880265856616171e+00 1.738405361473745359e+00
2.860000000000001652e+00 2.599420480456026694e-01 1.194400698823991025e+00 1.937032808120999983e+00
2.880000000000001670e+00 2.948953312222934442e-01 1.140717134761165319e+00 2.150394387757822212e+00
2.900000000000001688e+00 2.961217622109464931e-01 8.368557258186163361e-01 2.293265104651970088e+00
2.920000000000001705e+00 3.500847257118117062e-01 7.763321709679021909e-01 2.581525193652227657e+00
2.940000000000001723e+00 3.635754665870162827e-01 7.392304027545937295e-01 2.966249777267644383e+00
2.960000000000001741e+00 3.635754665870162827e-01 6.269578266901096875e-01 3.396058289175841516e+00
2.980000000000001759e+00 3.635754665870162827e-01 4.994161802808635975e-01 4.078834233927628006e+00
3.000000000000001776e+00 3.973023187750597818e-01 4.306017275053513060e-01 4.135661392145776105e+00
3.020000000000001794e+00 4.934238475109593014e-01 3.951581388769990766e-01 4.114032440513704536e+00
3.040000000000001812e+00 5.895453762468588765e-01 3.717363522395468189e-01 4.016843832525095692e+00
3.060000000000001830e+00 6.856669049827586182e-01 3.749490751853952752e-01 3.940717478745878299e+00
3.080000000000001847e+00 7.817884337186583599e-01 3.823072470936210721e-01 3.727261449538607607e+00
3.100000000000001865e+00 8.779099624545581015e-01 3.896654190018467023e-01 3.580770165777373837e+00
3.120000000000001883e+00 9.032051015955746553e-01 3.970235909100724991e-01 3.315272423254534750e+00
3.140000000000001901e+00 9.032051015955746553e-01 4.043817628182981849e-01 3.215250328152577275e+00
3.160000000000001918e+00 9.639134355340465143e-01 4.098744826934518359e-01 2.893964372686508746e+00
3.180000000000001936e+00 9.925812598938760223e-01 4.179581081700955436e-01 2.774580115643136669e+00
3.200000000000001954e+00 1.088702788629775320e+00 4.223108295805952372e-01 2.479330758429961534e+00
3.220000000000001972e+00 1.105566214723784135e+00 4.370271733970467198e-01 2.332335743626288149e+00
3.240000000000001990e+00 1.123553869224074075e+00 4.720562171291621256e-01 1.935741997324863739e+00
3.260000000000002007e+00 1.166274548662251664e+00 4.744398502825317721e-01 1.539651982065813884e+00
3.280000000000002025e+00 1.208995228100429253e+00 4.817980221907575689e-01 1.137013463255859946e+00
3.300000000000002043e+00 1.251715907538606620e+00 4.891561940989830881e-01 7.442921493427108182e-01
3.320000000000002061e+00 1.294436586976784209e+00 4.965143660072088849e-01 6.581541410962831185e-01
3.340000000000002078e+00 1.337157266414962242e+00 5.038725379154347372e-01 3.193005655272785903e-01
3.360000000000002096e+00 1.385499087884484837e+00 5.112307098236604785e-01 2.867784301038487915e-01
3.380000000000002114e+00 1.442834736604133195e+00 5.236670567108032692e-01 2.324856686926561888e-01
3.400000000000002132e+00 1.442834736604133195e+00 5.238743291589207374e-01 1.838913646983515726e-01
3.420000000000002149e+00 1.414166912244293028e+00 5.323724995318027675e-01 1.352970607040471507e-01
3.440000000000002167e+00 1.375381032228063294e+00 5.342379515648724153e-01 8.670275670974256221e-02
3.460000000000002185e+00 1.375381032228063294e+00 5.342379515648724153e-01 6.488490593679473173e-02
3.480000000000002203e+00 1.375381032228063294e+00 5.347906780931911408e-01 6.488490593679473173e-02
3.500000000000002220e+00 1.448455878635478644e+00 5.446015739708253145e-01 6.488490593679473173e-02
3.520000000000002238e+00 1.512536897792745139e+00 5.544124698484594882e-01 7.640775353116968649e-02
3.540000000000002256e+00 1.576617916950011633e+00 5.642233657260936619e-01 9.029184038668530699e-02
3.560000000000002274e+00 1.640698936107277683e+00 5.740342616037279466e-01 1.026647341150683235e-01
3.580000000000002292e+00 1.704779955264544178e+00 5.775578932217521055e-01 1.045327367305506211e-01
3.600000000000002309e+00 1.768860974421810672e+00 5.798378901510582439e-01 1.137887946342276413e-01
3.620000000000002327e+00 1.832941993579077167e+00 5.756924411886792381e-01 1.230448525379046615e-01
3.640000000000002345e+00 1.786848628922099724e+00 5.756924411886792381e-01 1.323009104415816817e-01
3.660000000000002363e+00 1.882970157658000909e+00 5.756924411886792381e-01 1.415569683452587157e-01
3.680000000000002380e+00 1.915010667236621833e+00 5.756924411886792381e-01 1.508130262489357221e-01
3.700000000000002398e+00 1.982464371612691512e+00 5.829469768728473555e-01 1.530378383527664643e-01
3.720000000000002416e+00 1.928501408111824356e+00 5.802524350472970660e-01 1.530378383527664643e-01
3.740000000000002434e+00 1.942554263190187314e+00 5.728942631390713247e-01 1.667015428772457564e-01
3.760000000000002451e+00 1.974594772768820450e+00 5.655360912308454724e-01 1.944697165882764700e-01
3.780000000000002469e+00 2.006635282347454030e+00 5.581779193226199531e-01 2.191210544745985089e-01
3.800000000000002487e+00 2.038675791926086944e+00 5.508197474143942118e-01 2.521049433535825224e-01
3.820000000000002505e+00 2.070716301504720303e+00 5.468815709001355607e-01 3.261534065829987394e-01
3.840000000000002522e+00 2.102756811083353661e+00 5.549651963767757712e-01 4.002018698124149010e-01
3.860000000000002540e+00 2.169648401256297543e+00 5.653288187827275602e-01 4.383699906691793657e-01
3.880000000000002558e+00 2.117371780364831313e+00 5.603542800278690228e-01 4.713958571350236326e-01
3.900000000000002576e+00 2.117371780364831313e+00 5.456379362114174292e-01 5.021864171003153077e-01
3.920000000000002593e+00 2.184825484740900770e+00 5.412852148009178466e-01 5.299545908113465487e-01
3.940000000000002611e+00 2.216865994319547450e+00 5.376464318228306727e-01 5.506547883340363603e-01
3.960000000000002629e+00 2.252279189116970670e+00 5.441870290745870475e-01 6.686695266059196063e-01
3.980000000000002647e+00 2.282071241883072865e+00 5.507276263263430893e-01 7.678100923837292147e-01
4.000000000000002665e+00 2.314111751461706223e+00 5.572682235780993532e-01 8.094623529502755765e-01
4.020000000000003126e+00 2.346152261040339582e+00 5.638088208298557280e-01 8.511146135168229376e-01
4.040000000000002700e+00 2.378192770618972052e+00 5.703494180816117698e-01 8.757239738162765352e-01
4.060000000000002274e+00 2.410233280197604966e+00 5.756924411886792381e-01 8.849800317199533195e-01
4.080000000000002736e+00 2.442273789776238768e+00 5.756924411886792381e-01 8.942360896236305479e-01
4.100000000000003197e+00 2.513662293574256967e+00 5.860560635946309160e-01 9.034921475273077762e-01
4.120000000000002771e+00 2.542330117934084477e+00 5.914451472457277204e-01 9.127482054309845605e-01
4.140000000000002345e+00 2.638451646669981443e+00 5.964196860005827050e-01 9.223925560131610579e-01
4.160000000000002807e+00 2.657001415373389630e+00 6.128460275140203972e-01 9.387323317002671530e-01
4.180000000000003268e+00 2.657001415373389630e+00 6.367600862157543062e-01 9.627540057836175835e-01
4.200000000000002842e+00 2.657001415373389630e+00 6.606741449174869940e-01 9.766380926391327044e-01
4.220000000000002416e+00 2.625148277195789248e+00 6.845882036192200149e-01 9.841940582747855659e-01
4.240000000000002878e+00 2.518346578600342056e+00 7.085022623209539239e-01 9.918129902907394380e-01
4.260000000000003340e+00 2.411544880004895752e+00 7.324163210226878329e-01 9.993329751376512915e-01
4.280000000000002913e+00 2.304743181409453889e+00 7.415103996839066403e-01 1.003299857096370040e+00
4.300000000000002487e+00 2.197941482814011582e+00 7.518740220898583182e-01 1.007266739055088678e+00
4.320000000000002949e+00 2.091139784218564834e+00 7.593358302221456801e-01 1.011233621013807760e+00
4.340000000000003411e+00 1.984338085623118308e+00 7.726012669017617851e-01 1.015200502972526397e+00
4.360000000000002984e+00 1.888029185486178596e+00 7.726012669017617851e-01 1.019167384931245035e+00
4.380000000000002558e+00 1.791907656750281186e+00 7.827576168595964390e-01 1.026035217982225189e+00
4.400000000000003020e+00 1.611468997544277970e+00 8.144012106057719746e-01 1.039919304837741310e+00
4.420000000000003482e+00 1.510288440980202873e+00 8.462866222080841494e-01 1.047160438571908214e+00
4.440000000000003055e+00 1.437775708775917094e+00 8.781720338103948809e-01 1.047160438571908214e+00
4.460000000000002629e+00 1.365684562223994369e+00 9.100574454127059454e-01 1.047160438571908214e+00
4.480000000000003091e+00 1.293593415672068314e+00 9.392483151894674975e-01 1.047160438571908214e+00
4.500000000000003553e+00 1.221502269120142037e+00 9.643282814118764312e-01 1.047160438571908214e+00
4.520000000000003126e+00 1.149411122568219312e+00 9.989427802477521823e-01 1.026205227209022297e+00
4.540000000000002700e+00 1.077319976016296588e+00 1.024851836262628213e+00 1.003990688240198104e+00
4.560000000000003162e+00 1.038112510347714235e+00 1.035192428396565889e+00 9.817761492713726890e-01
4.580000000000003624e+00 9.706588059716445560e-01 1.041733025648322153e+00 9.595616103025473853e-01
4.600000000000003197e+00 9.369319537835966161e-01 1.048273622900078195e+00 9.350802816430254794e-01
4.620000000000002771e+00 9.032051015955746553e-01 1.054814220151834459e+00 9.073121079319950155e-01
4.640000000000003233e+00 9.470500094400060576e-01 1.061354817403590722e+00 8.630467425831136463e-01
4.660000000000003695e+00 9.032051015955746553e-01 1.067895414655347208e+00 8.456680216211156509e-01
4.680000000000003268e+00 9.032051015955746553e-01 1.070244502400692577e+00 8.564982390322234407e-01
4.700000000000002842e+00 9.032051015955746553e-01 1.070037229952578217e+00 9.491690092345275165e-01
4.720000000000003304e+00 9.032051015955746553e-01 1.093873561486264911e+00 1.046341875628043150e+00
4.740000000000003766e+00 9.032051015955746553e-01 1.099469917585482071e+00 1.038785909992396617e+00
4.760000000000003340e+00 9.032051015955746553e-01 1.104237183892216700e+00 1.063153899167379235e+00
4.780000000000002913e+00 9.032051015955746553e-01 1.118538982812431914e+00 1.072346990690757229e+00
4.800000000000003375e+00 9.032051015955746553e-01 1.137992982585891877e+00 1.078328796818986302e+00
4.820000000000003837e+00 9.706588059716445560e-01 1.161118665726030397e+00 1.084940266750181737e+00
4.840000000000003411e+00 9.706588059716445560e-01 1.184244348866167584e+00 1.093503694470593146e+00
4.860000000000002984e+00 9.706588059716445560e-01 1.207370032006304994e+00 1.140235243047781788e+00
4.880000000000003446e+00 9.706588059716445560e-01 1.230495715146443514e+00 1.200399619421684161e+00
4.900000000000003908e+00 9.706588059716445560e-01 1.248291535334947744e+00 1.260563995795586312e+00
4.920000000000003482e+00 9.729072627841819365e-01 1.252644256745447660e+00 1.274972802486900481e+00
4.940000000000003055e+00 9.835874326437261672e-01 1.267360600561898698e+00 1.293705300625298316e+00
4.960000000000003517e+00 9.942676025032709530e-01 1.282076944378350403e+00 1.327927528316780847e+00
4.980000000000003979e+00 1.004947772362815739e+00 1.302804189190257533e+00 1.326794133471424386e+00
5.000000000000003553e+00 1.015627942222359525e+00 1.312805084811995204e+00 1.311619235819823315e+00
5.020000000000003126e+00 1.026308112081903756e+00 1.314644627789051556e+00 1.304031786994017672e+00
5.040000000000003588e+00 1.036988281941448431e+00 1.316484170766108130e+00 1.290147700138501774e+00
5.060000000000004050e+00 1.105566214723784135e+00 1.318323713743164483e+00 1.276263613282986098e+00
5.080000000000003624e+00 1.105566214723784135e+00 1.320163256720220835e+00 1.262379526427471088e+00
5.100000000000003197e+00 1.038112510347714235e+00 1.321873254417202492e+00 1.261560963483614906e+00
5.120000000000003659e+00 1.038112510347714235e+00 1.327262338068300185e+00 1.284984456954137766e+00
5.140000000000004121e+00 1.038112510347714235e+00 1.332236876823154281e+00 1.265622295012766685e+00
5.160000000000003695e+00 1.065093992098161690e+00 1.328505972757008768e+00 1.227999882785238972e+00
5.180000000000003268e+00 1.105566214723784135e+00 1.313789628940557952e+00 1.210873027344427033e+00
5.200000000000003730e+00 1.116105856032547416e+00 1.301146009605299136e+00 1.210873027344427033e+00
5.220000000000004192e+00 1.128121047124534870e+00 1.274159136860188113e+00 1.210873027344427033e+00
5.240000000000003766e+00 1.140136238216522102e+00 1.212350492831092863e+00 1.210873027344427033e+00
5.260000000000003340e+00 1.152151429308509556e+00 1.150541848801997835e+00 1.231840831983373796e+00
5.280000000000003801e+00 1.164166620400497010e+00 1.088733204772900143e+00 1.247834292578840598e+00
5.300000000000004263e+00 1.147724779958807506e+00 1.080400852358524677e+00 1.261246131582125285e+00
5.320000000000003837e+00 1.159529178224657953e+00 1.065684508542073194e+00 1.261246131582125285e+00
5.340000000000003411e+00 1.173019919099853814e+00 1.049517257588787222e+00 1.264300001026537945e+00
5.360000000000003872e+00 1.173019919099853814e+00 1.031691827050554622e+00 1.278184087882053621e+00
5.380000000000004334e+00 1.240473623475923715e+00 9.995300521840750907e-01 1.292068174737569519e+00
5.400000000000003908e+00 1.240473623475923715e+00 9.529282967653134317e-01 1.305952261593084973e+00
5.420000000000003482e+00 1.252952558785499715e+00 9.063265413465514397e-01 1.319836348448600427e+00
5.440000000000003944e+00 1.272176864532680307e+00 8.597247859277873383e-01 1.333720435304116325e+00
5.460000000000004405e+00 1.291401170279860455e+00 8.347830013374720748e-01 1.347604522159632445e+00
5.480000000000003979e+00 1.310625476027040159e+00 8.244193789315203968e-01 1.361488609015147455e+00
5.500000000000003553e+00 1.329849781774219863e+00 8.140557565255633898e-01 1.376159775624378856e+00
5.520000000000004015e+00 1.349074087521400012e+00 7.941576015061382332e-01 1.403927949335411096e+00
5.540000000000004476e+00 1.368298393268580604e+00 7.726012669017617851e-01 1.428327421700543276e+00
5.560000000000004050e+00 1.375381032228063294e+00 7.617712814875379213e-01 1.437551996414068611e+00
5.580000000000003624e+00 1.442834736604133195e+00 7.415363087399173825e-01 1.429221544300755653e+00
5.600000000000004086e+00 1.442834736604133195e+00 7.213013359922961776e-01 1.409783822703033485e+00
5.620000000000004547e+00 1.442834736604133195e+00 7.010663632446750837e-01 1.390346101105311538e+00
5.640000000000004121e+00 1.442834736604133195e+00 6.808313904970547670e-01 1.370908379507590480e+00
5.660000000000003695e+00 1.441148393994715171e+00 6.605964177494344503e-01 1.351470657909869200e+00
5.680000000000004157e+00 1.405735199197313046e+00 6.689650428422446726e-01 1.312185933242488778e+00
5.700000000000004619e+00 1.449392735640697927e+00 6.762195785264142334e-01 1.270533672675941750e+00
5.720000000000004192e+00 1.460072905500242157e+00 6.805722999369135939e-01 1.231274134560688571e+00
5.740000000000003766e+00 1.470753075359786388e+00 6.896922876541481395e-01 1.208417338512837613e+00
5.760000000000004228e+00 1.481433245219331063e+00 6.996413651638651032e-01 1.199161280609160496e+00
5.780000000000004690e+00 1.492113415078875294e+00 7.000559100600998175e-01 1.189905222705483157e+00
5.800000000000004263e+00 1.502793584938419524e+00 7.000559100600998175e-01 1.155462612682947920e+00
5.820000000000003837e+00 1.510288440980202873e+00 7.000559100600998175e-01 1.117619818124383047e+00
5.840000000000004299e+00 1.510288440980202873e+00 7.000559100600998175e-01 1.079714057185511722e+00
5.860000000000004761e+00 1.528838209683645033e+00 7.000559100600998175e-01 1.030442864603010156e+00
5.880000000000004334e+00 1.577742145356272774e+00 7.000559100600998175e-01 9.795345461327876757e-01
5.900000000000003908e+00 1.577742145356272774e+00 7.000559100600998175e-01 9.295707233670237324e-01
5.920000000000004370e+00 1.614841682763131114e+00 7.137358916359591854e-01 8.879184628004765933e-01
5.940000000000004832e+00 1.645195849732342452e+00 7.207831548720031734e-01 8.462662022339281220e-01
5.960000000000004405e+00 1.645195849732342452e+00 7.311467772779549623e-01 8.099031176123439035e-01
5.980000000000003979e+00 1.645195849732342452e+00 7.311467772779549623e-01 7.821349439013129956e-01
6.000000000000004441e+00 1.645195849732342452e+00 7.415103996839066403e-01 7.543667701902814215e-01
6.020000000000004903e+00 1.645195849732342452e+00 7.434449425330190708e-01 7.265985964792497365e-01
6.040000000000004476e+00 1.645195849732342452e+00 7.499855397847751126e-01 6.988304227682192726e-01
6.060000000000004050e+00 1.645195849732342452e+00 7.565261370365311544e-01 7.062919388334372162e-01
6.080000000000004512e+00 1.709276868889631595e+00 7.630667342882875293e-01 7.067012203053628649e-01
6.100000000000004974e+00 1.687354414967361826e+00 7.696073315400441262e-01 6.910855579916727054e-01
6.120000000000004547e+00 1.645195849732342452e+00 7.761479287918001679e-01 6.663397705349073386e-01
6.140000000000004121e+00 1.712649554108412353e+00 7.826885260435562097e-01 6.610820777801035275e-01
6.160000000000004583e+00 1.668804646263944980e+00 7.726012669017617851e-01 6.749661646356193145e-01
6.180000000000005045e+00 1.645195849732342452e+00 7.726012669017617851e-01 6.888502514911351016e-01
6.200000000000004619e+00 1.645195849732342452e+00 7.622376444958101072e-01 7.027343383466505555e-01
6.220000000000004192e+00 1.645195849732342452e+00 7.686630903875034670e-01 7.071419849674458469e-01
6.240000000000004654e+00 1.645195849732342452e+00 7.730158117980032717e-01 7.071419849674458469e-01
6.260000000000005116e+00 1.645195849732342452e+00 7.845539780766273008e-01 7.071419849674458469e-01
6.280000000000004690e+00 1.645195849732342452e+00 7.894594260154443877e-01 7.056307918403080803e-01
6.300000000000004263e+00 1.645195849732342452e+00 7.943648739542614745e-01 6.819554328485968320e-01
6.320000000000004725e+00 1.645195849732342452e+00 7.992703218930785614e-01 6.786182146928462222e-01
6.340000000000005187e+00 1.645195849732342452e+00 8.041757698318959813e-01 6.770755383755759915e-01
6.360000000000004761e+00 1.645195849732342452e+00 8.090812177707130681e-01 7.002156831347683408e-01
6.380000000000004334e+00 1.623273395810097997e+00 8.139866657095299329e-01 7.233558278939602459e-01
6.400000000000004796e+00 1.577742145356272774e+00 8.140557565255686079e-01 7.464959726531532613e-01
6.420000000000005258e+00 1.633391451466505107e+00 8.310520972713369980e-01 7.696361174123462767e-01
6.440000000000004832e+00 1.586735972606420519e+00 8.451466237434237527e-01 7.927762621715385150e-01
6.460000000000004405e+00 1.608096312325508759e+00 8.451466237434237527e-01 8.076678111118051895e-01
6.480000000000004867e+00 1.629456652044598108e+00 8.451466237434237527e-01 8.215518979673214206e-01
6.500000000000005329e+00 1.650816991763687236e+00 8.456648048637217530e-01 8.377972240839828277e-01
6.520000000000004903e+00 1.672177331482775697e+00 8.471364392453668568e-01 8.582612976805402694e-01
6.540000000000004476e+00 1.693537671201863715e+00 8.486080736270119607e-01 8.632041585338677825e-01
6.560000000000004938e+00 1.702531498451979486e+00 8.500797080086570645e-01 8.744166718253467696e-01
6.580000000000005400e+00 1.683981729748610601e+00 8.515513423903025014e-01 8.823504357427844891e-01
6.600000000000004974e+00 1.712649554108387040e+00 8.530229767719476053e-01 8.902841996602215424e-01
6.620000000000004547e+00 1.645195849732342452e+00 8.544946111535927091e-01 8.982179635776589288e-01
6.640000000000005009e+00 1.645195849732342452e+00 8.555102461493755417e-01 9.061517274950967593e-01
6.660000000000005471e+00 1.645195849732342452e+00 8.555102461493755417e-01 9.140854914125341457e-01
6.680000000000005045e+00 1.692413442795616119e+00 8.555102461493755417e-01 9.226129383442029930e-01
6.700000000000004619e+00 1.670490988873356342e+00 8.482557104652058699e-01 9.418491675249804906e-01
6.720000000000005080e+00 1.617090139575632968e+00 8.451466237434237527e-01 9.835014280915271856e-01
6.740000000000005542e+00 1.563689290277910260e+00 8.507429798426416889e-01 1.019895995903261410e+00
6.760000000000005116e+00 1.510288440980189550e+00 8.621429644891871469e-01 1.057486924940649109e+00
6.780000000000004690e+00 1.456887591682469285e+00 8.719538603668209875e-01 1.106081228934951977e+00
6.800000000000005151e+00 1.403486742384745911e+00 8.817647562444558273e-01 1.154675532929257287e+00
6.820000000000005613e+00 1.420912282681935590e+00 8.915756521220903341e-01 1.203269836923562597e+00
6.840000000000005187e+00 1.442834736604133195e+00 9.013865479997241748e-01 1.210873027344427033e+00
6.860000000000004761e+00 1.442834736604133195e+00 9.111974438773583485e-01 1.224694147819655576e+00
6.880000000000005222e+00 1.442834736604133195e+00 9.176919805850857204e-01 1.259546039314099364e+00
6.900000000000005684e+00 1.442834736604133195e+00 9.270192407504468379e-01 1.245661952458583244e+00
6.920000000000005258e+00 1.388871773103250717e+00 9.384192253969891873e-01 1.231777865603068234e+00
6.940000000000004832e+00 1.358854874655921696e+00 9.384192253969891873e-01 1.212321254091254685e+00
6.960000000000005294e+00 1.339630568908740882e+00 9.400774049819455858e-01 1.184553080380223111e+00
6.980000000000005755e+00 1.320406263161560734e+00 9.534579930216291466e-01 1.156784906669191093e+00
7.000000000000005329e+00 1.301181957414381252e+00 9.649040382122022752e-01 1.129016732958160407e+00
7.020000000000004903e+00 1.281957651667201992e+00 9.763500834027750708e-01 1.101248559247129943e+00
7.040000000000005365e+00 1.262733345920021844e+00 9.877961285933487545e-01 1.085506964172851863e+00
7.060000000000005826e+00 1.243509040172841251e+00 9.992421737839222162e-01 1.073071104064178272e+00
7.080000000000005400e+00 1.240473623475923715e+00 1.010688218974495456e+00 1.088970115089205049e+00
7.100000000000004974e+00 1.240473623475923715e+00 1.021328204644602833e+00 1.110126818869030974e+00
7.120000000000005436e+00 1.240473623475923715e+00 1.021328204644602833e+00 1.105530273107337313e+00
7.140000000000005898e+00 1.208433113897262157e+00 1.021328204644602833e+00 1.095178600186492268e+00
7.160000000000005471e+00 1.233728253038344880e+00 1.021328204644602833e+00 1.089624965444286220e+00
7.180000000000005045e+00 1.222598391816259955e+00 1.021328204644602833e+00 1.084071330702080171e+00
7.200000000000005507e+00 1.203374086069079807e+00 1.031691827050554622e+00 1.078517695959873901e+00
7.220000000000005969e+00 1.184149780321899659e+00 1.032976916228893538e+00 1.072964061217667409e+00
7.240000000000005542e+00 1.164925474574719955e+00 1.035920184992183746e+00 1.072346990690757229e+00
7.260000000000005116e+00 1.145701168827540695e+00 1.038863453755473953e+00 1.099611433359418688e+00
7.280000000000005578e+00 1.126476863080360102e+00 1.041806722518764383e+00 1.129709363141447653e+00
7.300000000000006040e+00 1.107252557333179954e+00 1.044749991282054591e+00 1.164120489973818229e+00
7.320000000000005613e+00 1.105566214723784135e+00 1.047693260045344799e+00 1.178004576829332795e+00
7.340000000000005187e+00 1.154470150396458727e+00 1.050636528808635006e+00 1.183619079072488312e+00
7.360000000000005649e+00 1.173019919099853814e+00 1.046615443315120908e+00 1.178991050120649531e+00
7.380000000000006111e+00 1.173019919099853814e+00 1.031899099498668981e+00 1.174363021168810750e+00
7.400000000000005684e+00 1.173019919099828501e+00 1.023400929125785064e+00 1.169734992216972413e+00
7.420000000000005258e+00 1.134234039083637180e+00 1.002466411865767126e+00 1.165106963265134077e+00
7.440000000000005720e+00 1.190220613715759601e+00 9.981136904552668776e-01 1.160499923106729003e+00
7.460000000000006182e+00 1.219057072336529934e+00 9.833973466388149509e-01 1.157792368753943757e+00
7.480000000000005755e+00 1.247893530957299602e+00 9.750768383643250159e-01 1.132668783015396752e+00
7.500000000000005329e+00 1.276729989578068603e+00 9.687698338715604596e-01 1.110913898622734264e+00
7.520000000000005791e+00 1.305566448198838936e+00 9.624628293787953481e-01 1.074487847620851477e+00
7.540000000000006253e+00 1.334402906819609935e+00 9.561558248860302367e-01 1.057891708813973652e+00
7.560000000000005826e+00 1.363239365440378936e+00 9.498488203932656804e-01 1.053924826855255015e+00
7.580000000000005400e+00 1.319731726117780113e+00 9.469173957698654442e-01 1.049957944896536599e+00
7.600000000000005862e+00 1.307927327851993615e+00 9.322010519534138506e-01 1.045991062937817517e+00
7.620000000000006324e+00 1.307927327851993615e+00 9.278483305429139349e-01 1.042024180979098880e+00
7.640000000000005898e+00 1.375381032228063294e+00 9.176919805850857204e-01 1.038057299020380242e+00
7.660000000000005471e+00 1.375381032228063294e+00 9.176919805850857204e-01 1.031229944356728101e+00
7.680000000000005933e+00 1.381789134143792674e+00 9.073283581791340424e-01 1.003461770645696971e+00
7.700000000000006395e+00 1.391401287017383082e+00 9.044265439054658406e-01 9.756935969346652859e-01
7.720000000000005969e+00 1.401013439890972379e+00 8.985400063788854252e-01 9.590075061559364400e-01
7.740000000000005542e+00 1.410625592764562342e+00 8.926534688523050098e-01 9.726712106804193958e-01
7.760000000000006004e+00 1.420237745638152527e+00 8.867669313257242614e-01 9.963780528622848687e-01
7.780000000000006466e+00 1.429849898511742934e+00 8.808803937991436239e-01 1.017204183145558494e+00
7.800000000000006040e+00 1.439462051385332675e+00 8.749938562725628755e-01 1.038030313428831564e+00
7.820000000000005613e+00 1.442834736604133195e+00 8.691073187459824601e-01 1.058856443712104634e+00
7.840000000000006075e+00 1.510288440980202873e+00 8.725065868951408232e-01 1.079682573995378592e+00
7.860000000000006537e+00 1.510288440980202873e+00 8.555102461493755417e-01 1.099516983788970226e+00
7.880000000000006111e+00 1.510288440980202873e+00 8.455611686396525828e-01 1.110126818869030974e+00
7.900000000000005684e+00 1.468129875745132429e+00 8.347830013374720748e-01 1.114691881440576404e+00
7.920000000000006146e+00 1.442834736604133195e+00 8.244193789315203968e-01 1.128575968296092080e+00
7.940000000000006608e+00 1.442834736604133195e+00 8.235672588670305272e-01 1.135313370987879988e+00
7.960000000000006182e+00 1.442834736604133195e+00 8.219321095540915723e-01 1.143750865947698925e+00
7.980000000000005755e+00 1.442834736604133195e+00 8.202969602411522843e-01 1.147906647047304496e+00
8.000000000000007105e+00 1.442834736604133195e+00 8.186618109282134403e-01 1.138724049920636583e+00
8.020000000000006679e+00 1.442834736604133195e+00 8.170266616152741523e-01 1.127153977541040852e+00
8.040000000000006253e+00 1.442834736604133195e+00 8.153915123023351974e-01 1.115583905161444678e+00
8.060000000000005826e+00 1.442834736604133195e+00 8.167502983511204517e-01 1.104013832781848503e+00
8.080000000000005400e+00 1.442834736604133195e+00 8.173721156954687483e-01 1.092443760402252773e+00
8.100000000000006750e+00 1.442834736604133195e+00 8.140557565255686079e-01 1.084940266750181737e+00
8.120000000000006324e+00 1.442834736604133195e+00 8.140557565255686079e-01 1.078769561481059069e+00
8.140000000000005898e+00 1.442834736604133195e+00 8.237975615871671042e-01 1.072346990690757229e+00
8.160000000000007248e+00 1.442834736604133195e+00 8.244193789315203968e-01 1.063594663829452003e+00
8.180000000000006821e+00 1.446713324605760853e+00 8.244193789315203968e-01 1.049710576973937215e+00
8.200000000000006395e+00 1.456325477479350594e+00 8.244193789315203968e-01 1.047160438571908214e+00
8.220000000000005969e+00 1.465937630352939891e+00 8.244193789315203968e-01 1.059753714631332722e+00
8.240000000000005542e+00 1.475549783226529854e+00 8.244193789315203968e-01 1.058651802976129375e+00
8.260000000000006892e+00 1.485161936100120705e+00 8.244193789315203968e-01 1.047081730596532312e+00
8.280000000000006466e+00 1.494774088973710446e+00 8.244193789315203968e-01 1.035511658216936359e+00
8.300000000000006040e+00 1.504386241847299743e+00 8.244193789315203968e-01 1.023941585837340185e+00
8.320000000000007390e+00 1.473188903573327435e+00 8.318811870638108674e-01 1.012371513457743122e+00
8.340000000000006963e+00 1.508602098370835698e+00 8.140557565255686079e-01 1.000801441078147391e+00
8.360000000000006537e+00 1.537269922730663430e+00 8.140557565255686079e-01 9.877201755714191123e-01
8.380000000000006111e+00 1.577742145356272774e+00 8.242121064834064814e-01 9.841940582747855659e-01
8.400000000000005684e+00 1.576617916950002973e+00 8.260775585164740198e-01 9.608964975648437434e-01
8.420000000000007034e+00 1.570209815034276035e+00 8.319640960430551013e-01 9.460679150048730834e-01
8.440000000000006608e+00 1.563801713118549541e+00 8.378506335696354057e-01 9.321838281493576295e-01
8.460000000000006182e+00 1.557393611202822825e+00 8.437371710962158211e-01 9.212276779776629176e-01
8.480000000000007532e+00 1.550985509287095887e+00 8.496237086227969026e-01 9.198214288176919107e-01
8.500000000000007105e+00 1.544577407371369393e+00 8.555102461493775401e-01 9.151933998658532410e-01
8.520000000000006679e+00 1.538169305455642677e+00 8.613967836759579555e-01 9.105653709140150154e-01
8.540000000000006253e+00 1.531761203539916183e+00 8.658738685553272196e-01 9.059373419621764567e-01
8.560000000000005826e+00 1.525353101624189689e+00 8.579975155267992593e-01 9.013093130103382311e-01
8.580000000000007176e+00 1.518944999708462529e+00 8.555102461493755417e-01 8.966812840584992284e-01
8.600000000000006750e+00 1.512536897792736035e+00 8.555102461493755417e-01 8.960411258588137917e-01
8.620000000000006324e+00 1.510288440980202873e+00 8.451466237434237527e-01 9.099566959044871339e-01
8.640000000000007674e+00 1.510288440980202873e+00 8.451466237434237527e-01 9.377248696155187080e-01
8.660000000000007248e+00 1.510288440980202873e+00 8.451466237434237527e-01 9.590075061559364400e-01
8.680000000000006821e+00 1.442834736604133195e+00 8.480944985611177378e-01 9.635410855373345296e-01
8.700000000000006395e+00 1.442834736604133195e+00 8.513647971869958697e-01 9.716007822153610585e-01
8.720000000000005969e+00 1.442834736604133195e+00 8.546350958128737796e-01 9.602164606576348849e-01
8.740000000000007319e+00 1.442834736604133195e+00 8.579053944387522446e-01 9.380019216888080269e-01
8.760000000000006892e+00 1.442834736604133195e+00 8.611756930646303765e-01 9.157873827199833894e-01
8.780000000000006466e+00 1.442834736604133195e+00 8.644459916905082864e-01 8.935728437511587519e-01
8.800000000000007816e+00 1.442834736604133195e+00 8.575829706305606592e-01 8.713583047823320049e-01
8.820000000000007390e+00 1.442834736604133195e+00 8.577902430786904509e-01 8.834478497993892843e-01
8.840000000000006963e+00 1.442834736604133195e+00 8.725065868951411563e-01 8.857146394900904385e-01
8.860000000000006537e+00 1.444521079213568315e+00 8.762374909612788976e-01 8.995987263456052263e-01
8.880000000000006111e+00 1.510288440980202873e+00 8.712629522064174736e-01 9.086344019182384102e-01
8.900000000000007461e+00 1.451266449651104518e+00 0.000000000000000000e+00 9.147736239972132921e-01
8.920000000000007034e+00 0.000000000000000000e+00 0.000000000000000000e+00 9.212276779776629176e-01
8.940000000000006608e+00 0.000000000000000000e+00 0.000000000000000000e+00 0.000000000000000000e+00
8.960000000000007958e+00 0.000000000000000000e+00 0.000000000000000000e+00 0.000000000000000000e+00
8.980000000000007532e+00 0.000000000000000000e+00 0.000000000000000000e+00 0.000000000000000000e+00
9.000000000000007105e+00 0.000000000000000000e+00 0.000000000000000000e+00 0.000000000000000000e+00
