# r(A)  g_SiO  g_OO  g_SiSi   [dr=0.01 A, 151 frames, V=32652.5 A^3]
5.000000000000000104e-03 0.000000000000000000e+00 0.000000000000000000e+00 0.000000000000000000e+00
1.499999999999999944e-02 0.000000000000000000e+00 0.000000000000000000e+00 0.000000000000000000e+00
2.500000000000000139e-02 0.000000000000000000e+00 0.000000000000000000e+00 0.000000000000000000e+00
3.500000000000000333e-02 0.000000000000000000e+00 0.000000000000000000e+00 0.000000000000000000e+00
4.499999999999999833e-02 0.000000000000000000e+00 0.000000000000000000e+00 0.000000000000000000e+00
5.500000000000000028e-02 0.000000000000000000e+00 0.000000000000000000e+00 0.000000000000000000e+00
6.500000000000000222e-02 0.000000000000000000e+00 0.000000000000000000e+00 0.000000000000000000e+00
7.500000000000001110e-02 0.000000000000000000e+00 0.000000000000000000e+00 0.000000000000000000e+00
8.499999999999999223e-02 0.000000000000000000e+00 0.000000000000000000e+00 0.000000000000000000e+00
9.500000000000000111e-02 0.000000000000000000e+00 0.000000000000000000e+00 0.000000000000000000e+00
1.050000000000000100e-01 0.000000000000000000e+00 0.000000000000000000e+00 0.000000000000000000e+00
1.149999999999999911e-01 0.000000000000000000e+00 0.000000000000000000e+00 0.000000000000000000e+00
1.250000000000000000e-01 0.000000000000000000e+00 0.000000000000000000e+00 0.000000000000000000e+00
1.350000000000000089e-01 0.000000000000000000e+00 0.000000000000000000e+00 0.000000000000000000e+00
1.450000000000000178e-01 0.000000000000000000e+00 0.000000000000000000e+00 0.000000000000000000e+00
1.549999999999999989e-01 0.000000000000000000e+00 0.000000000000000000e+00 0.000000000000000000e+00
1.650000000000000078e-01 0.000000000000000000e+00 0.000000000000000000e+00 0.000000000000000000e+00
1.749999999999999889e-01 0.000000000000000000e+00 0.000000000000000000e+00 0.000000000000000000e+00
1.849999999999999978e-01 0.000000000000000000e+00 0.000000000000000000e+00 0.000000000000000000e+00
1.950000000000000067e-01 0.000000000000000000e+00 0.000000000000000000e+00 0.000000000000000000e+00
2.050000000000000155e-01 0.000000000000000000e+00 0.000000000000000000e+00 0.000000000000000000e+00
2.149999999999999967e-01 0.000000000000000000e+00 0.000000000000000000e+00 0.000000000000000000e+00
2.250000000000000056e-01 0.000000000000000000e+00 0.000000000000000000e+00 0.000000000000000000e+00
2.349999999999999867e-01 0.000000000000000000e+00 0.000000000000000000e+00 0.000000000000000000e+00
2.449999999999999956e-01 0.000000000000000000e+00 0.000000000000000000e+00 0.000000000000000000e+00
2.550000000000000044e-01 0.000000000000000000e+00 0.000000000000000000e+00 0.000000000000000000e+00
2.650000000000000133e-01 0.000000000000000000e+00 0.000000000000000000e+00 0.000000000000000000e+00
2.750000000000000222e-01 0.000000000000000000e+00 0.000000000000000000e+00 0.000000000000000000e+00
2.850000000000000311e-01 0.000000000000000000e+00 0.000000000000000000e+00 0.000000000000000000e+00
2.949999999999999845e-01 0.000000000000000000e+00 0.000000000000000000e+00 0.000000000000000000e+00
3.049999999999999933e-01 0.000000000000000000e+00 0.000000000000000000e+00 0.000000000000000000e+00
3.150000000000000022e-01 0.000000000000000000e+00 0.000000000000000000e+00 0.000000000000000000e+00
3.250000000000000111e-01 0.000000000000000000e+00 0.000000000000000000e+00 0.000000000000000000e+00
3.350000000000000200e-01 0.000000000000000000e+00 0.000000000000000000e+00 0.000000000000000000e+00
3.450000000000000289e-01 0.000000000000000000e+00 0.000000000000000000e+00 0.000000000000000000e+00
3.549999999999999822e-01 0.000000000000000000e+00 0.000000000000000000e+00 0.000000000000000000e+00
3.649999999999999911e-01 0.000000000000000000e+00 0.000000000000000000e+00 0.000000000000000000e+00
3.750000000000000000e-01 0.000000000000000000e+00 0.000000000000000000e+00 0.000000000000000000e+00
3.850000000000000089e-01 0.000000000000000000e+00 0.000000000000000000e+00 0.000000000000000000e+00
3.950000000000000178e-01 0.000000000000000000e+00 0.000000000000000000e+00 0.000000000000000000e+00
4.050000000000000266e-01 0.000000000000000000e+00 0.000000000000000000e+00 0.000000000000000000e+00
4.150000000000000355e-01 0.000000000000000000e+00 0.000000000000000000e+00 0.000000000000000000e+00
4.249999999999999889e-01 0.000000000000000000e+00 0.000000000000000000e+00 0.000000000000000000e+00
4.349999999999999978e-01 0.000000000000000000e+00 0.000000000000000000e+00 0.000000000000000000e+00
4.450000000000000067e-01 0.000000000000000000e+00 0.000000000000000000e+00 0.000000000000000000e+00
4.550000000000000155e-01 0.000000000000000000e+00 0.000000000000000000e+00 0.000000000000000000e+00
4.650000000000000244e-01 0.000000000000000000e+00 0.000000000000000000e+00 0.000000000000000000e+00
4.749999999999999778e-01 0.000000000000000000e+00 0.000000000000000000e+00 0.000000000000000000e+00
4.849999999999999867e-01 0.000000000000000000e+00 0.000000000000000000e+00 0.000000000000000000e+00
4.949999999999999956e-01 0.000000000000000000e+00 0.000000000000000000e+00 0.000000000000000000e+00
5.050000000000000044e-01 0.000000000000000000e+00 0.000000000000000000e+00 0.000000000000000000e+00
5.150000000000000133e-01 0.000000000000000000e+00 0.000000000000000000e+00 0.000000000000000000e+00
5.250000000000000222e-01 0.000000000000000000e+00 0.000000000000000000e+00 0.000000000000000000e+00
5.350000000000000311e-01 0.000000000000000000e+00 0.000000000000000000e+00 0.000000000000000000e+00
5.450000000000000400e-01 0.000000000000000000e+00 0.000000000000000000e+00 0.000000000000000000e+00
5.550000000000000488e-01 0.000000000000000000e+00 0.000000000000000000e+00 0.000000000000000000e+00
5.650000000000000577e-01 0.000000000000000000e+00 0.000000000000000000e+00 0.000000000000000000e+00
5.749999999999999556e-01 0.000000000000000000e+00 0.000000000000000000e+00 0.000000000000000000e+00
5.849999999999999645e-01 0.000000000000000000e+00 0.000000000000000000e+00 0.000000000000000000e+00
5.949999999999999734e-01 0.000000000000000000e+00 0.000000000000000000e+00 0.000000000000000000e+00
6.049999999999999822e-01 0.000000000000000000e+00 0.000000000000000000e+00 0.000000000000000000e+00
6.149999999999999911e-01 0.000000000000000000e+00 0.000000000000000000e+00 0.000000000000000000e+00
6.250000000000000000e-01 0.000000000000000000e+00 0.000000000000000000e+00 0.000000000000000000e+00
6.350000000000000089e-01 0.000000000000000000e+00 0.000000000000000000e+00 0.000000000000000000e+00
6.450000000000000178e-01 0.000000000000000000e+00 0.000000000000000000e+00 0.000000000000000000e+00
6.550000000000000266e-01 0.000000000000000000e+00 0.000000000000000000e+00 0.000000000000000000e+00
6.650000000000000355e-01 0.000000000000000000e+00 0.000000000000000000e+00 0.000000000000000000e+00
6.750000000000000444e-01 0.000000000000000000e+00 0.000000000000000000e+00 0.000000000000000000e+00
6.850000000000000533e-01 0.000000000000000000e+00 0.000000000000000000e+00 0.000000000000000000e+00
6.950000000000000622e-01 0.000000000000000000e+00 0.000000000000000000e+00 0.000000000000000000e+00
7.050000000000000711e-01 0.000000000000000000e+00 0.000000000000000000e+00 0.000000000000000000e+00
7.149999999999999689e-01 0.000000000000000000e+00 0.000000000000000000e+00 0.000000000000000000e+00
7.249999999999999778e-01 0.000000000000000000e+00 0.000000000000000000e+00 0.000000000000000000e+00
7.349999999999999867e-01 0.000000000000000000e+00 0.000000000000000000e+00 0.000000000000000000e+00
7.449999999999999956e-01 0.000000000000000000e+00 0.000000000000000000e+00 0.000000000000000000e+00
7.550000000000000044e-01 0.000000000000000000e+00 0.000000000000000000e+00 0.000000000000000000e+00
7.650000000000000133e-01 0.000000000000000000e+00 0.000000000000000000e+00 0.000000000000000000e+00
7.750000000000000222e-01 0.000000000000000000e+00 0.000000000000000000e+00 0.000000000000000000e+00
7.850000000000000311e-01 0.000000000000000000e+00 0.000000000000000000e+00 0.000000000000000000e+00
7.950000000000000400e-01 0.000000000000000000e+00 0.000000000000000000e+00 0.000000000000000000e+00
8.050000000000000488e-01 0.000000000000000000e+00 0.000000000000000000e+00 0.000000000000000000e+00
8.150000000000000577e-01 0.000000000000000000e+00 0.000000000000000000e+00 0.000000000000000000e+00
8.250000000000000666e-01 0.000000000000000000e+00 0.000000000000000000e+00 0.000000000000000000e+00
8.349999999999999645e-01 0.000000000000000000e+00 0.000000000000000000e+00 0.000000000000000000e+00
8.449999999999999734e-01 0.000000000000000000e+00 0.000000000000000000e+00 0.000000000000000000e+00
8.549999999999999822e-01 0.000000000000000000e+00 0.000000000000000000e+00 0.000000000000000000e+00
8.649999999999999911e-01 0.000000000000000000e+00 0.000000000000000000e+00 0.000000000000000000e+00
8.750000000000000000e-01 0.000000000000000000e+00 0.000000000000000000e+00 0.000000000000000000e+00
8.850000000000000089e-01 0.000000000000000000e+00 0.000000000000000000e+00 0.000000000000000000e+00
8.950000000000000178e-01 0.000000000000000000e+00 0.000000000000000000e+00 0.000000000000000000e+00
9.050000000000000266e-01 0.000000000000000000e+00 0.000000000000000000e+00 0.000000000000000000e+00
9.150000000000000355e-01 0.000000000000000000e+00 0.000000000000000000e+00 0.000000000000000000e+00
9.250000000000000444e-01 0.000000000000000000e+00 0.000000000000000000e+00 0.000000000000000000e+00
9.350000000000000533e-01 0.000000000000000000e+00 0.000000000000000000e+00 0.000000000000000000e+00
9.450000000000000622e-01 0.000000000000000000e+00 0.000000000000000000e+00 0.000000000000000000e+00
9.550000000000000711e-01 0.000000000000000000e+00 0.000000000000000000e+00 0.000000000000000000e+00
9.649999999999999689e-01 0.000000000000000000e+00 0.000000000000000000e+00 0.000000000000000000e+00
9.749999999999999778e-01 0.000000000000000000e+00 0.000000000000000000e+00 0.000000000000000000e+00
9.849999999999999867e-01 0.000000000000000000e+00 0.000000000000000000e+00 0.000000000000000000e+00
9.949999999999999956e-01 0.000000000000000000e+00 0.000000000000000000e+00 0.000000000000000000e+00
1.004999999999999893e+00 0.000000000000000000e+00 0.000000000000000000e+00 0.000000000000000000e+00
1.015000000000000124e+00 0.000000000000000000e+00 0.000000000000000000e+00 0.000000000000000000e+00
1.024999999999999911e+00 0.000000000000000000e+00 0.000000000000000000e+00 0.000000000000000000e+00
1.035000000000000142e+00 0.000000000000000000e+00 0.000000000000000000e+00 0.000000000000000000e+00
1.044999999999999929e+00 0.000000000000000000e+00 0.000000000000000000e+00 0.000000000000000000e+00
1.055000000000000160e+00 0.000000000000000000e+00 0.000000000000000000e+00 0.000000000000000000e+00
1.064999999999999947e+00 0.000000000000000000e+00 0.000000000000000000e+00 0.000000000000000000e+00
1.075000000000000178e+00 0.000000000000000000e+00 0.000000000000000000e+00 0.000000000000000000e+00
1.084999999999999964e+00 0.000000000000000000e+00 0.000000000000000000e+00 0.000000000000000000e+00
1.095000000000000195e+00 0.000000000000000000e+00 0.000000000000000000e+00 0.000000000000000000e+00
1.104999999999999982e+00 0.000000000000000000e+00 0.000000000000000000e+00 0.000000000000000000e+00
1.115000000000000213e+00 0.000000000000000000e+00 0.000000000000000000e+00 0.000000000000000000e+00
1.125000000000000000e+00 0.000000000000000000e+00 0.000000000000000000e+00 0.000000000000000000e+00
1.135000000000000231e+00 0.000000000000000000e+00 0.000000000000000000e+00 0.000000000000000000e+00
1.145000000000000018e+00 0.000000000000000000e+00 0.000000000000000000e+00 0.000000000000000000e+00
1.155000000000000027e+00 0.000000000000000000e+00 0.000000000000000000e+00 0.000000000000000000e+00
1.165000000000000036e+00 0.000000000000000000e+00 0.000000000000000000e+00 0.000000000000000000e+00
1.174999999999999822e+00 0.000000000000000000e+00 0.000000000000000000e+00 0.000000000000000000e+00
1.185000000000000053e+00 0.000000000000000000e+00 0.000000000000000000e+00 0.000000000000000000e+00
1.194999999999999840e+00 0.000000000000000000e+00 0.000000000000000000e+00 0.000000000000000000e+00
1.205000000000000071e+00 0.000000000000000000e+00 0.000000000000000000e+00 0.000000000000000000e+00
1.214999999999999858e+00 0.000000000000000000e+00 0.000000000000000000e+00 0.000000000000000000e+00
1.225000000000000089e+00 0.000000000000000000e+00 0.000000000000000000e+00 0.000000000000000000e+00
1.234999999999999876e+00 0.000000000000000000e+00 0.000000000000000000e+00 0.000000000000000000e+00
1.245000000000000107e+00 0.000000000000000000e+00 0.000000000000000000e+00 0.000000000000000000e+00
1.254999999999999893e+00 0.000000000000000000e+00 0.000000000000000000e+00 0.000000000000000000e+00
1.265000000000000124e+00 0.000000000000000000e+00 0.000000000000000000e+00 0.000000000000000000e+00
1.274999999999999911e+00 0.000000000000000000e+00 0.000000000000000000e+00 0.000000000000000000e+00
1.285000000000000142e+00 0.000000000000000000e+00 0.000000000000000000e+00 0.000000000000000000e+00
1.294999999999999929e+00 0.000000000000000000e+00 0.000000000000000000e+00 0.000000000000000000e+00
1.305000000000000160e+00 0.000000000000000000e+00 0.000000000000000000e+00 0.000000000000000000e+00
1.314999999999999947e+00 0.000000000000000000e+00 0.000000000000000000e+00 0.000000000000000000e+00
1.325000000000000178e+00 0.000000000000000000e+00 0.000000000000000000e+00 0.000000000000000000e+00
1.334999999999999964e+00 0.000000000000000000e+00 0.000000000000000000e+00 0.000000000000000000e+00
1.345000000000000195e+00 0.000000000000000000e+00 0.000000000000000000e+00 0.000000000000000000e+00
1.354999999999999982e+00 0.000000000000000000e+00 0.000000000000000000e+00 0.000000000000000000e+00
1.365000000000000213e+00 0.000000000000000000e+00 0.000000000000000000e+00 0.000000000000000000e+00
1.375000000000000000e+00 0.000000000000000000e+00 0.000000000000000000e+00 0.000000000000000000e+00
1.385000000000000231e+00 0.000000000000000000e+00 0.000000000000000000e+00 0.000000000000000000e+00
1.395000000000000018e+00 0.000000000000000000e+00 0.000000000000000000e+00 0.000000000000000000e+00
1.405000000000000027e+00 0.000000000000000000e+00 0.000000000000000000e+00 0.000000000000000000e+00
1.415000000000000036e+00 0.000000000000000000e+00 0.000000000000000000e+00 0.000000000000000000e+00
1.424999999999999822e+00 0.000000000000000000e+00 0.000000000000000000e+00 0.000000000000000000e+00
1.435000000000000053e+00 0.000000000000000000e+00 0.000000000000000000e+00 0.000000000000000000e+00
1.444999999999999840e+00 0.000000000000000000e+00 0.000000000000000000e+00 0.000000000000000000e+00
1.455000000000000071e+00 0.000000000000000000e+00 0.000000000000000000e+00 0.000000000000000000e+00
1.464999999999999858e+00 0.000000000000000000e+00 0.000000000000000000e+00 0.000000000000000000e+00
1.475000000000000089e+00 3.051479334831587106e-03 0.000000000000000000e+00 0.000000000000000000e+00
1.484999999999999876e+00 2.257890258763722499e-03 0.000000000000000000e+00 0.000000000000000000e+00
1.495000000000000107e+00 1.262411722165641612e-02 0.000000000000000000e+00 0.000000000000000000e+00
1.504999999999999893e+00 4.250005344476246588e-02 0.000000000000000000e+00 0.000000000000000000e+00
1.515000000000000124e+00 1.721021016704928075e-01 0.000000000000000000e+00 0.000000000000000000e+00
1.524999999999999911e+00 5.188349290128291269e-01 0.000000000000000000e+00 0.000000000000000000e+00
1.535000000000000142e+00 1.419360690999754704e+00 0.000000000000000000e+00 0.000000000000000000e+00
1.544999999999999929e+00 3.105942900605833223e+00 0.000000000000000000e+00 0.000000000000000000e+00
1.555000000000000160e+00 6.472012262986464037e+00 0.000000000000000000e+00 0.000000000000000000e+00
1.564999999999999947e+00 1.156139612854362042e+01 0.000000000000000000e+00 0.000000000000000000e+00
1.575000000000000178e+00 1.788097022943848913e+01 0.000000000000000000e+00 0.000000000000000000e+00
1.584999999999999964e+00 2.501048677685631461e+01 0.000000000000000000e+00 0.000000000000000000e+00
1.595000000000000195e+00 3.074037581207269909e+01 0.000000000000000000e+00 0.000000000000000000e+00
1.604999999999999982e+00 3.431705676663659688e+01 0.000000000000000000e+00 0.000000000000000000e+00
1.615000000000000213e+00 3.430892367667490106e+01 0.000000000000000000e+00 0.000000000000000000e+00
1.625000000000000000e+00 3.119846862636133622e+01 0.000000000000000000e+00 0.000000000000000000e+00
1.635000000000000231e+00 2.593239622857645799e+01 0.000000000000000000e+00 0.000000000000000000e+00
1.645000000000000018e+00 1.937547257070421480e+01 0.000000000000000000e+00 0.000000000000000000e+00
1.655000000000000249e+00 1.368240444635356567e+01 0.000000000000000000e+00 0.000000000000000000e+00
1.665000000000000036e+00 8.892424526567257459e+00 0.000000000000000000e+00 0.000000000000000000e+00
1.674999999999999822e+00 5.435329115564378810e+00 0.000000000000000000e+00 0.000000000000000000e+00
1.685000000000000053e+00 3.206937347070639710e+00 0.000000000000000000e+00 0.000000000000000000e+00
1.694999999999999840e+00 1.724405553607371910e+00 0.000000000000000000e+00 0.000000000000000000e+00
1.705000000000000071e+00 9.346185472673044226e-01 0.000000000000000000e+00 0.000000000000000000e+00
1.714999999999999858e+00 4.999654063246500302e-01 0.000000000000000000e+00 0.000000000000000000e+00
1.725000000000000089e+00 2.766546410426477531e-01 0.000000000000000000e+00 0.000000000000000000e+00
1.734999999999999876e+00 1.703703453150078873e-01 0.000000000000000000e+00 0.000000000000000000e+00
1.745000000000000107e+00 1.095568854357876765e-01 0.000000000000000000e+00 0.000000000000000000e+00
1.754999999999999893e+00 6.789703133158128678e-02 0.000000000000000000e+00 0.000000000000000000e+00
1.765000000000000124e+00 6.180207436299021972e-02 0.000000000000000000e+00 0.000000000000000000e+00
1.774999999999999911e+00 3.845569173834850057e-02 0.000000000000000000e+00 0.000000000000000000e+00
1.785000000000000142e+00 3.073336071234260627e-02 0.000000000000000000e+00 0.000000000000000000e+00
1.794999999999999929e+00 2.060466547541677657e-02 0.000000000000000000e+00 0.000000000000000000e+00
1.805000000000000160e+00 1.782986744074278526e-02 0.000000000000000000e+00 0.000000000000000000e+00
1.814999999999999947e+00 1.108418854302190872e-02 0.000000000000000000e+00 0.000000000000000000e+00
1.825000000000000178e+00 6.976486859808714303e-03 0.000000000000000000e+00 0.000000000000000000e+00
1.834999999999999964e+00 5.421944034499677142e-03 0.000000000000000000e+00 0.000000000000000000e+00
1.845000000000000195e+00 1.462726051037294963e-03 0.000000000000000000e+00 0.000000000000000000e+00
1.854999999999999982e+00 1.929330570932490671e-03 0.000000000000000000e+00 0.000000000000000000e+00
1.865000000000000213e+00 1.908696167684083072e-03 0.000000000000000000e+00 0.000000000000000000e+00
1.875000000000000000e+00 1.416293275273167434e-03 0.000000000000000000e+00 0.000000000000000000e+00
1.885000000000000231e+00 1.401306150295077765e-03 0.000000000000000000e+00 0.000000000000000000e+00
1.895000000000000018e+00 4.621852206433380668e-04 0.000000000000000000e+00 0.000000000000000000e+00
1.905000000000000249e+00 4.573456181648632166e-04 0.000000000000000000e+00 0.000000000000000000e+00
1.915000000000000036e+00 0.000000000000000000e+00 0.000000000000000000e+00 0.000000000000000000e+00
1.924999999999999822e+00 0.000000000000000000e+00 0.000000000000000000e+00 0.000000000000000000e+00
1.935000000000000053e+00 4.432742909308984161e-04 0.000000000000000000e+00 0.000000000000000000e+00
1.944999999999999840e+00 0.000000000000000000e+00 0.000000000000000000e+00 0.000000000000000000e+00
1.955000000000000071e+00 0.000000000000000000e+00 0.000000000000000000e+00 0.000000000000000000e+00
1.964999999999999858e+00 0.000000000000000000e+00 0.000000000000000000e+00 0.000000000000000000e+00
1.975000000000000089e+00 0.000000000000000000e+00 0.000000000000000000e+00 0.000000000000000000e+00
1.984999999999999876e+00 0.000000000000000000e+00 0.000000000000000000e+00 0.000000000000000000e+00
1.995000000000000107e+00 0.000000000000000000e+00 0.000000000000000000e+00 0.000000000000000000e+00
2.004999999999999893e+00 0.000000000000000000e+00 0.000000000000000000e+00 0.000000000000000000e+00
2.015000000000000124e+00 0.000000000000000000e+00 0.000000000000000000e+00 0.000000000000000000e+00
2.025000000000000355e+00 0.000000000000000000e+00 0.000000000000000000e+00 0.000000000000000000e+00
2.035000000000000142e+00 0.000000000000000000e+00 0.000000000000000000e+00 0.000000000000000000e+00
2.044999999999999929e+00 0.000000000000000000e+00 0.000000000000000000e+00 0.000000000000000000e+00
2.054999999999999716e+00 0.000000000000000000e+00 0.000000000000000000e+00 0.000000000000000000e+00
2.064999999999999947e+00 0.000000000000000000e+00 0.000000000000000000e+00 0.000000000000000000e+00
2.075000000000000178e+00 0.000000000000000000e+00 0.000000000000000000e+00 0.000000000000000000e+00
2.084999999999999964e+00 0.000000000000000000e+00 7.635761581058000133e-04 0.000000000000000000e+00
2.094999999999999751e+00 0.000000000000000000e+00 3.781520228207274387e-04 0.000000000000000000e+00
2.104999999999999982e+00 0.000000000000000000e+00 7.491353273613863195e-04 0.000000000000000000e+00
2.115000000000000213e+00 0.000000000000000000e+00 1.855170131125466124e-03 0.000000000000000000e+00
2.125000000000000000e+00 0.000000000000000000e+00 3.307951421485771579e-03 0.000000000000000000e+00
2.134999999999999787e+00 0.000000000000000000e+00 2.184690771465748471e-03 0.000000000000000000e+00
2.145000000000000018e+00 0.000000000000000000e+00 3.246552265559671680e-03 0.000000000000000000e+00
2.155000000000000249e+00 0.000000000000000000e+00 3.573879731398393964e-03 0.000000000000000000e+00
2.165000000000000036e+00 0.000000000000000000e+00 4.957317292737259060e-03 0.000000000000000000e+00
2.174999999999999822e+00 0.000000000000000000e+00 3.157609858664910899e-03 0.000000000000000000e+00
2.185000000000000053e+00 0.000000000000000000e+00 3.824056365497683057e-03 0.000000000000000000e+00
2.195000000000000284e+00 0.000000000000000000e+00 4.478254651125648279e-03 0.000000000000000000e+00
2.205000000000000071e+00 0.000000000000000000e+00 4.437727668099127921e-03 0.000000000000000000e+00
2.214999999999999858e+00 0.000000000000000000e+00 4.736036677374235587e-03 0.000000000000000000e+00
2.225000000000000089e+00 0.000000000000000000e+00 3.017289359958932275e-03 0.000000000000000000e+00
2.235000000000000320e+00 0.000000000000000000e+00 2.990349411217049346e-03 0.000000000000000000e+00
2.245000000000000107e+00 0.000000000000000000e+00 1.646538144117085578e-03 0.000000000000000000e+00
2.254999999999999893e+00 0.000000000000000000e+00 2.611147330777320759e-03 0.000000000000000000e+00
2.265000000000000124e+00 0.000000000000000000e+00 3.235177174413876675e-03 0.000000000000000000e+00
2.275000000000000355e+00 0.000000000000000000e+00 2.886118707913862096e-03 0.000000000000000000e+00
2.285000000000000142e+00 0.000000000000000000e+00 6.675462620587238778e-03 0.000000000000000000e+00
2.294999999999999929e+00 0.000000000000000000e+00 8.823220526749124895e-03 0.000000000000000000e+00
2.305000000000000160e+00 0.000000000000000000e+00 1.155831023429166986e-02 0.000000000000000000e+00
2.314999999999999947e+00 0.000000000000000000e+00 1.982040232412103642e-02 0.000000000000000000e+00
2.325000000000000178e+00 0.000000000000000000e+00 2.794022893900846224e-02 1.228141931384987449e-03
2.334999999999999964e+00 0.000000000000000000e+00 4.231316513763525022e-02 1.217645039931949513e-03
2.344999999999999751e+00 0.000000000000000000e+00 6.398595397832845810e-02 2.414564301068998411e-03
2.354999999999999982e+00 0.000000000000000000e+00 8.199799295121165676e-02 2.394101983976982401e-03
2.365000000000000213e+00 0.000000000000000000e+00 1.100895513782184088e-01 2.373898682010100458e-03
2.375000000000000000e+00 0.000000000000000000e+00 1.571261653038514283e-01 3.530925063007896939e-03
2.384999999999999787e+00 0.000000000000000000e+00 2.448046577210049868e-01 1.283838491027916411e-02
2.395000000000000018e+00 2.893499735375530874e-04 3.156808211294704347e-01 1.273139883565233693e-02
2.405000000000000249e+00 0.000000000000000000e+00 4.447705459501214431e-01 1.147794957290636068e-02
2.415000000000000036e+00 2.845772723035793123e-04 5.517953309966402431e-01 2.276618178428634412e-02
2.424999999999999822e+00 2.822350824888074350e-04 7.146192288616604049e-01 1.919198560923890406e-02
2.435000000000000053e+00 5.598433798551220473e-04 9.399770347767498757e-01 1.791498815536390551e-02
2.445000000000000284e+00 2.776366244638895026e-04 1.176346377853499714e+00 1.332655797426669439e-02
2.455000000000000071e+00 5.507588509955553156e-04 1.498890212984403725e+00 1.872580093384888095e-02
2.464999999999999858e+00 1.365748208765099787e-03 1.785306058497738491e+00 8.740788536096638639e-03
2.475000000000000089e+00 8.128404931549398481e-04 2.132893454038562453e+00 4.335149296826346435e-03
2.485000000000000320e+00 0.000000000000000000e+00 2.582078770829702830e+00 3.225246721136300170e-03
2.495000000000000107e+00 7.998612127472949510e-04 2.914694259251142672e+00 5.332408084981966195e-03
2.504999999999999893e+00 7.934878420217018761e-04 3.466483885845474955e+00 3.173951368086807504e-03
2.515000000000000124e+00 1.574380688712963836e-03 3.801866966460355268e+00 1.049587125808642413e-03
2.525000000000000355e+00 2.603225067284764592e-04 4.374980048078775496e+00 2.082580053827811674e-03
2.535000000000000142e+00 7.748181935556612250e-04 4.741370799098276301e+00 0.000000000000000000e+00
2.544999999999999929e+00 2.306223634716044954e-03 5.121097704422239438e+00 0.000000000000000000e+00
2.555000000000000160e+00 2.288206331569913980e-03 5.469321622747998823e+00 0.000000000000000000e+00
2.564999999999999947e+00 1.765866158054360882e-03 5.734019681796516998e+00 0.000000000000000000e+00
2.575000000000000178e+00 1.501866278331900201e-03 6.092821180146130722e+00 0.000000000000000000e+00
2.584999999999999964e+00 3.725672246805689352e-03 6.309550139040328354e+00 0.000000000000000000e+00
2.594999999999999751e+00 2.711143113007180062e-03 6.341117273768066553e+00 0.000000000000000000e+00
2.604999999999999982e+00 2.445789224119780322e-03 6.419952134392011622e+00 0.000000000000000000e+00
2.615000000000000213e+00 3.155254889315525432e-03 6.304441980766982923e+00 0.000000000000000000e+00
2.625000000000000000e+00 3.372126845888494262e-03 6.284921842126319547e+00 0.000000000000000000e+00
2.634999999999999787e+00 3.585621988256343286e-03 6.162010907551468186e+00 9.561658635350248764e-04
2.645000000000000018e+00 6.642646802277121787e-03 5.926427134560171339e+00 1.897899086364892001e-03
2.655000000000000249e+00 6.592702266611453164e-03 5.624752301681464672e+00 9.418146095159219116e-04
2.665000000000000036e+00 5.141179137965404787e-03 5.340750364502789616e+00 1.869519686532874645e-03
2.674999999999999822e+00 7.654218395277076654e-03 5.114177618104977618e+00 4.638920239561864639e-03
2.685000000000000053e+00 8.978638979428299471e-03 4.712864578150685269e+00 1.105063259006560002e-02
2.695000000000000284e+00 6.169936687942014983e-03 4.371057369146476468e+00 3.656258778039712422e-03
2.705000000000000071e+00 7.712210247561714777e-03 4.029176194924668941e+00 1.723905820043206832e-02
2.714999999999999858e+00 8.556150424726996842e-03 3.725077700702195571e+00 2.071489050197062101e-02
2.725000000000000089e+00 1.117561607245681765e-02 3.401186995491507492e+00 2.950362643128599804e-02
2.735000000000000320e+00 9.318995704320551590e-03 2.995613357238851471e+00 3.106331901440183632e-02
2.745000000000000107e+00 1.343629776936444351e-02 2.724044172356230753e+00 3.788595436607679334e-02
2.754999999999999893e+00 1.202690735641066648e-02 2.416752365510012268e+00 5.597978696802055620e-02
2.765000000000000124e+00 1.345971613413157221e-02 2.163540822463794200e+00 7.728482167340064435e-02
2.775000000000000355e+00 1.745796130039057453e-02 1.860027234844082278e+00 8.621215456983000180e-02
2.785000000000000142e+00 1.690484428635046985e-02 1.680427116211522076e+00 1.087045683223549219e-01
2.794999999999999929e+00 1.784638032836587812e-02 1.446619091140991076e+00 1.436208702616111055e-01
2.805000000000000160e+00 1.961786311334154376e-02 1.266512367016157325e+00 1.628493583172007653e-01
2.814999999999999947e+00 1.843148623525270660e-02 1.084106508564409266e+00 1.968817847856539072e-01
2.825000000000000178e+00 2.412434704142171760e-02 9.344025108371359911e-01 2.337566040910173393e-01
2.834999999999999964e+00 2.333494596226483656e-02 8.150710771067195548e-01 2.659770831805053914e-01
2.844999999999999751e+00 2.604195966889333996e-02 6.789364445961091343e-01 3.100428584202105098e-01
2.854999999999999982e+00 3.095037000353121487e-02 6.098444615827367521e-01 3.657030560943556607e-01
2.865000000000000213e+00 3.174569813422958159e-02 5.192544764885450581e-01 4.594027144010803254e-01
2.875000000000000000e+00 3.594279247739560340e-02 4.604291796126710468e-01 5.550049073045890680e-01
2.884999999999999787e+00 3.090825920288292963e-02 3.928340040624475615e-01 5.878551492264444400e-01
2.895000000000000018e+00 4.099281020708969020e-02 3.293287119535756036e-01 7.406430443213306569e-01
2.905000000000000249e+00 4.130108907270165636e-02 2.987445442925419914e-01 9.275044574612428816e-01
2.915000000000000036e+00 4.101820573325480612e-02 2.843928930838999780e-01 9.961564249504738511e-01
2.924999999999999822e+00 4.636397282356551075e-02 2.578147275419186979e-01 1.184900192495138782e+00
2.935000000000000053e+00 5.259941552203277471e-02 2.419958457716965827e-01 1.348702962103404568e+00
2.945000000000000284e+00 6.085426259736554516e-02 2.177740592320817348e-01 1.538579469442826975e+00
2.955000000000000071e+00 5.930265073356430494e-02 2.176331252882408029e-01 1.717496000091304653e+00
2.964999999999999858e+00 6.456708697941120068e-02 2.208874028243014986e-01 1.918888514791624367e+00
2.975000000000000089e+00 6.357117527685239577e-02 2.036527915948722900e-01 2.091285388458578254e+00
2.985000000000000320e+00 7.376341204138550656e-02 2.015454844161088943e-01 2.374585799756521176e+00
2.995000000000000107e+00 7.512195170872561223e-02 1.935407918407068828e-01 2.622237191172560156e+00
3.004999999999999893e+00 8.785640460322483025e-02 1.942766101790975863e-01 2.772439345261596966e+00
3.015000000000000124e+00 9.183914556859197609e-02 2.065011404335537204e-01 3.011885775943326404e+00
3.025000000000000355e+00 8.778677326073348886e-02 2.064077437411461213e-01 3.409173946712286796e+00
3.035000000000000142e+00 9.784010751063873523e-02 2.091940420255093414e-01 3.623147112014592608e+00
3.044999999999999929e+00 1.065066817406815081e-01 2.319876630855852717e-01 3.907273695858144436e+00
3.055000000000000160e+00 1.107898820437685367e-01 2.153556134109208819e-01 4.351926153090054150e+00
3.065000000000000391e+00 1.222586565594111219e-01 2.241997618119836999e-01 4.500955974721904340e+00
3.075000000000000178e+00 1.239221510438796581e-01 2.378392558986641980e-01 4.893696276350374852e+00
3.084999999999999964e+00 1.377689146520111874e-01 2.404852320318017767e-01 5.143140292300143912e+00
3.094999999999999751e+00 1.503948278600301669e-01 2.418792392771913768e-01 5.610350836529696572e+00
3.104999999999999982e+00 1.413365319444530310e-01 2.597768900172711670e-01 5.718878917411363894e+00
3.115000000000000213e+00 1.631799347732891814e-01 2.447699021599337443e-01 5.873793459239780468e+00
3.125000000000000000e+00 1.691054170676161705e-01 2.598614901471207328e-01 6.241434508935815195e+00
3.134999999999999787e+00 1.859288191752609398e-01 2.634413786679446479e-01 6.402976483060121460e+00
3.145000000000000018e+00 1.886077326185987280e-01 2.772063828166593247e-01 6.383801227528442368e+00
3.155000000000000249e+00 2.104239216432003956e-01 2.826216697188784766e-01 6.412093764430201404e+00
3.165000000000000036e+00 2.129071181209921115e-01 2.979042788961430710e-01 6.302050696381366279e+00
3.174999999999999822e+00 2.214467483154268501e-01 2.980064047962249774e-01 6.226193482748089814e+00
3.185000000000000053e+00 2.418187896993588548e-01 2.981013767471121789e-01 5.905744947894490338e+00
3.195000000000000284e+00 2.559160273810271446e-01 3.279432193313416288e-01 5.425940067191637795e+00
3.205000000000000071e+00 2.530289262292998442e-01 3.207295137708557897e-01 5.006288793287756000e+00
3.214999999999999858e+00 2.880679663453120654e-01 3.372033050864857162e-01 4.262249776293179693e+00
3.225000000000000089e+00 2.925078390994812483e-01 3.332004190069377536e-01 3.795420864780175929e+00
3.235000000000000320e+00 3.018037979853556707e-01 3.366944104692118356e-01 3.158551991947632143e+00
3.245000000000000107e+00 3.235892083889074233e-01 3.623631710112509285e-01 2.511796212803520945e+00
3.254999999999999893e+00 3.508976946814249542e-01 3.530908052731838720e-01 2.034580026126048047e+00
3.265000000000000124e+00 3.669675765175192672e-01 3.682131177191061422e-01 1.500877147912128118e+00
3.275000000000000355e+00 3.682890706198070907e-01 3.692175304617057452e-01 1.162431722057138961e+00
3.285000000000000142e+00 4.035780758407864210e-01 3.835837351931864481e-01 8.243820451625819556e-01
3.294999999999999929e+00 4.174892956804271971e-01 3.846221413152525748e-01 5.692896877019080204e-01
3.305000000000000160e+00 4.274263450239810247e-01 4.043304316064036952e-01 3.938461024892139228e-01
3.315000000000000391e+00 4.466000234373139754e-01 4.058215295827063418e-01 3.087083016252518686e-01
3.325000000000000178e+00 4.697391378465862743e-01 4.006819299816358759e-01 1.663377963355760769e-01
3.334999999999999964e+00 4.942345865736380017e-01 4.254416685753146243e-01 1.080392031036575828e-01
3.344999999999999751e+00 5.147207934921746997e-01 4.328401370058114206e-01 7.001389467674537515e-02
3.354999999999999982e+00 5.408523990868895348e-01 4.351296155140161326e-01 4.482528062225039217e-02
3.365000000000000213e+00 5.706223120067978050e-01 4.464720170492437745e-01 3.107421786422839144e-02
3.375000000000000000e+00 5.911421623233786837e-01 4.480557429490730770e-01 9.325387820728675212e-03
3.384999999999999787e+00 6.172039128080246684e-01 4.584488110859887278e-01 9.270370903476548782e-03
3.395000000000000018e+00 6.405008402603139528e-01 4.711597907670295182e-01 5.759899642628723421e-03
3.405000000000000249e+00 6.759681487851395554e-01 4.683963961933453324e-01 5.153505581589373948e-03
3.415000000000000036e+00 7.139982831232504212e-01 4.756193466609334175e-01 2.846315659251546452e-03
3.424999999999999822e+00 7.227102586141384011e-01 4.937859832739512345e-01 5.659438203712908230e-04
3.435000000000000053e+00 7.587381858127333345e-01 4.975263187281493971e-01 2.250613825176813864e-03
3.445000000000000284e+00 8.081811643513673316e-01 4.988375520403750540e-01 1.118783407996355598e-03
3.455000000000000071e+00 8.222799470651886988e-01 5.156977212825135659e-01 5.561582327123359027e-04
3.464999999999999858e+00 8.594267595143303407e-01 5.283463205507110683e-01 2.764763582159660265e-03
3.475000000000000089e+00 8.771657473856188103e-01 5.327318139872545544e-01 3.298649003017056075e-03
3.485000000000000320e+00 9.075329412918488048e-01 5.255792338817121268e-01 4.919618413869380341e-03
3.495000000000000107e+00 9.512621130457908913e-01 5.319513173224212910e-01 2.174002829414748653e-03
3.504999999999999893e+00 9.566499040062207415e-01 5.305414733840458918e-01 4.323230748227519828e-03
3.515000000000000124e+00 1.039471410760405501e+00 5.461993740180678403e-01 7.522667227007328976e-03
3.525000000000000355e+00 1.041596401141180017e+00 5.620720256478693999e-01 8.548623964226150299e-03
3.535000000000000142e+00 1.073033434622123306e+00 5.562401317239079601e-01 1.168794928168670130e-02
3.544999999999999929e+00 1.110967277669438369e+00 5.574646789161553651e-01 1.056554710099323093e-02
3.555000000000000160e+00 1.127314209771781206e+00 5.771838247841307723e-01 1.313273776528170282e-02
3.565000000000000391e+00 1.158478540404607404e+00 5.785210161190859068e-01 9.924965513555423016e-03
3.575000000000000178e+00 1.199925717350854626e+00 5.874960979756782553e-01 1.973903777460280298e-02
3.584999999999999964e+00 1.244121526195643312e+00 5.921006017860727111e-01 1.549663516124945122e-02
3.594999999999999751e+00 1.268287681511317100e+00 5.886827391705019563e-01 2.003370578328933505e-02
3.604999999999999982e+00 1.311834218624599036e+00 5.939778963028631287e-01 2.400942689850317502e-02
3.615000000000000213e+00 1.331130394956510754e+00 6.060637577265975962e-01 3.251305992833381647e-02
3.625000000000000000e+00 1.353477889818126778e+00 6.201545762417881580e-01 3.688088314920614369e-02
3.634999999999999787e+00 1.393898780480796074e+00 6.024275525985309798e-01 3.366359134620648674e-02
3.645000000000000018e+00 1.431357886042378569e+00 6.206131940878457653e-01 3.597757646886062116e-02
3.655000000000000249e+00 1.463044436159802730e+00 6.179673085477971339e-01 3.826576820119049344e-02
3.665000000000000036e+00 1.476818448678070883e+00 6.257202664077770038e-01 4.942498154879755579e-02
3.674999999999999822e+00 1.498286097123634475e+00 6.139630365181821814e-01 3.883353073253514171e-02
3.685000000000000053e+00 1.519377058370709577e+00 6.371581212522330340e-01 5.866792599291614091e-02
3.695000000000000284e+00 1.545566885173716765e+00 6.230163824536180117e-01 5.640577589433731776e-02
3.705000000000000071e+00 1.570364025803560937e+00 6.310232407352005524e-01 5.803624363918303414e-02
3.714999999999999858e+00 1.564085882056225341e+00 6.631069932075984719e-01 5.916732692385535952e-02
3.725000000000000089e+00 1.627826605490112932e+00 6.444801051054984686e-01 7.750985673874592752e-02
3.735000000000000320e+00 1.630781150385452571e+00 6.419854882527104012e-01 8.946869665790183057e-02
3.745000000000000107e+00 1.653325374156091820e+00 6.392716105641119695e-01 9.798535608054141643e-02
3.754999999999999893e+00 1.687613088861273258e+00 6.470537176166855087e-01 9.228490351309466544e-02
3.765000000000000124e+00 1.699501536565394044e+00 6.478361696049828033e-01 9.460539039234160119e-02
3.775000000000000355e+00 1.714501554643680370e+00 6.558221760884834772e-01 1.034221439116628088e-01
3.785000000000000142e+00 1.744264415475880403e+00 6.845681742193794328e-01 1.214126665395007104e-01
3.794999999999999929e+00 1.736927964957172277e+00 6.750878462525952139e-01 1.263052713371192182e-01
3.805000000000000160e+00 1.749018110596926023e+00 6.763588420083807007e-01 1.522380579978185600e-01
3.815000000000000391e+00 1.748641804643396025e+00 6.846775397860278556e-01 1.523532966612480277e-01
3.825000000000000178e+00 1.790332281683417293e+00 6.900640773970490027e-01 1.456587662958755414e-01
3.834999999999999964e+00 1.804254867059446266e+00 6.956108957064314202e-01 1.620534143793698201e-01
3.844999999999999751e+00 1.816998203637685716e+00 7.097351030829440743e-01 1.742342423259615747e-01
3.854999999999999982e+00 1.813056170953935453e+00 6.960062866443836871e-01 1.827128185093407908e-01
3.865000000000000213e+00 1.818018994420263157e+00 7.034088036224828144e-01 2.053229298838016581e-01
3.875000000000000000e+00 1.791736263697558007e+00 7.011093843697477901e-01 1.958640752172777777e-01
3.884999999999999787e+00 1.858289796014742201e+00 6.998139689826509136e-01 2.247674029856283062e-01
3.895000000000000018e+00 1.837273061302629351e+00 7.056336337621745836e-01 2.306163875923510076e-01
3.905000000000000249e+00 1.842242268660949422e+00 7.162824276295467474e-01 2.451098658291656629e-01
3.915000000000000036e+00 1.834250802329386421e+00 7.061307917816830315e-01 2.767781481051957981e-01
3.924999999999999822e+00 1.831380283153112964e+00 7.161118149372752706e-01 2.641652129120202752e-01
3.935000000000000053e+00 1.852846825486803795e+00 7.201942508646208552e-01 2.816893125870253978e-01
3.945000000000000284e+00 1.877698380185266247e+00 7.224131781322765677e-01 3.139628574581373455e-01
3.955000000000000071e+00 1.849540346934473778e+00 7.179157815018444300e-01 3.195924229801294092e-01
3.964999999999999858e+00 1.860281428122188885e+00 7.339354456787615666e-01 3.382521818116731582e-01
3.975000000000000089e+00 1.892529662142270253e+00 7.460035333592942575e-01 3.491573845235558804e-01
3.985000000000000320e+00 1.908753955856988371e+00 7.325442959317544078e-01 3.867047931156358254e-01
3.995000000000000107e+00 1.918760741343304099e+00 7.248258829961969907e-01 3.752039864921490331e-01
4.004999999999999893e+00 1.919641708023254401e+00 7.516320271173415613e-01 3.708492821019482300e-01
4.015000000000000568e+00 1.902472316935439833e+00 7.464511471902769424e-01 4.044220836087459303e-01
4.025000000000000355e+00 1.949172185825244430e+00 7.365998116305848553e-01 4.155283499267944380e-01
4.035000000000000142e+00 1.944823747257780067e+00 7.504870755483685762e-01 4.350827001413253292e-01
4.044999999999999929e+00 1.956521514767201264e+00 7.535772673789682408e-01 4.430778710339659532e-01
4.054999999999999716e+00 2.005931960001632763e+00 7.715666432975636368e-01 4.808664951163779677e-01
4.065000000000000391e+00 2.006018528319480243e+00 7.525080519812510360e-01 4.588169756340569339e-01
4.075000000000000178e+00 1.982592029831656166e+00 7.623124325229906351e-01 4.549686892414649964e-01
4.084999999999999964e+00 2.028495601790553327e+00 7.650496773215462731e-01 4.837755629864795570e-01
4.094999999999999751e+00 2.032556028316841346e+00 7.806179097845212800e-01 4.822074878242915696e-01
4.105000000000000426e+00 2.036848342634834275e+00 7.817439698013868288e-01 5.295017741781851139e-01
4.115000000000000213e+00 2.039604744691050353e+00 7.736364193304079429e-01 5.249710708138433102e-01
4.125000000000000000e+00 2.058989996400915512e+00 7.966161969115673758e-01 5.548124070078358505e-01
4.134999999999999787e+00 2.064477273397740564e+00 7.778190893236831549e-01 5.925131313155824753e-01
4.144999999999999574e+00 2.064381387810161339e+00 7.964821966539439302e-01 6.112964633627844258e-01
4.155000000000000249e+00 2.050707132601152338e+00 8.262049176116592619e-01 5.922064571198302207e-01
4.165000000000000036e+00 2.030921283489474316e+00 8.079865378559669686e-01 6.199825654596406999e-01
4.174999999999999822e+00 1.983878302622658962e+00 8.160228967351181861e-01 6.661489131340591063e-01
4.185000000000000497e+00 1.982842729344094890e+00 8.156340743387796577e-01 6.459116824321042838e-01
4.195000000000000284e+00 1.987830490051388121e+00 8.277832808834764133e-01 6.899923075018244978e-01
4.205000000000000071e+00 1.937462101447752882e+00 8.181250751522994857e-01 6.750752111628428587e-01
4.214999999999999858e+00 1.913332648057648022e+00 8.471315098182096159e-01 7.383907646231946398e-01
4.224999999999999645e+00 1.886806272219004654e+00 8.125363432179510959e-01 7.579581496638903015e-01
4.235000000000000320e+00 1.867819437821139017e+00 8.310056753683029429e-01 7.536425634965990827e-01
4.245000000000000107e+00 1.796306800588810315e+00 8.338186671655898330e-01 7.795693360090083512e-01
4.254999999999999893e+00 1.750929746048414559e+00 8.378794700985606747e-01 7.858099362893722351e-01
4.265000000000000568e+00 1.732327054542022404e+00 8.296665915385341705e-01 8.357798282737241014e-01
4.275000000000000355e+00 1.666019040146086816e+00 8.632058313757730028e-01 8.616619598204454666e-01
4.285000000000000142e+00 1.627247403844640061e+00 8.646051226404833923e-01 8.283576940802288568e-01
4.294999999999999929e+00 1.543562374297130058e+00 8.458282747008230018e-01 8.907243824633706009e-01
4.304999999999999716e+00 1.495025430368363883e+00 8.667995172238764923e-01 8.944719059853372123e-01
4.315000000000000391e+00 1.419287905601814170e+00 8.690263655138855681e-01 8.914005185289625155e-01
4.325000000000000178e+00 1.390372775372372915e+00 8.655447622053286105e-01 9.099976505564172369e-01
4.334999999999999964e+00 1.341483888166607574e+00 8.879635928387038524e-01 9.397187813610312634e-01
4.345000000000000639e+00 1.273073489413437231e+00 8.831777000654229548e-01 9.452445382344641933e-01
4.355000000000000426e+00 1.221990990463200033e+00 9.085298240467589714e-01 9.500096098874606376e-01
4.365000000000000213e+00 1.164393934453052060e+00 9.093370450927965587e-01 9.697039932917914662e-01
4.375000000000000000e+00 1.133063524162927216e+00 9.144629927161728178e-01 9.978797762353230905e-01
4.384999999999999787e+00 1.063509184047842115e+00 9.063263073210243714e-01 9.594974506838578332e-01
4.394999999999999574e+00 1.028429653843797364e+00 9.117442607516529351e-01 1.000847907759424560e+00
4.405000000000000249e+00 9.531138654525831422e-01 9.248018588596722545e-01 1.000756728510744153e+00
4.415000000000000036e+00 9.261518427828019373e-01 9.230013768286818854e-01 1.036758742090962304e+00
4.424999999999999822e+00 8.889128828994129483e-01 9.194276762477288090e-01 1.037502973842739928e+00
4.435000000000000497e+00 8.536032399199702247e-01 9.394192240044512143e-01 1.051393472657456307e+00
4.445000000000000284e+00 8.250701623375016336e-01 9.529215965746914430e-01 1.025499546102242032e+00
4.455000000000000071e+00 8.027217997730730081e-01 9.512408034606423257e-01 1.044316057460791258e+00
4.464999999999999858e+00 7.665789096729458407e-01 9.687965651459676808e-01 1.077606147568050732e+00
4.474999999999999645e+00 7.472437757402359271e-01 9.769864272876997990e-01 1.115561359967122579e+00
4.485000000000000320e+00 7.412749615644524948e-01 9.851762067096575537e-01 1.112572526907288362e+00
4.495000000000000107e+00 7.167051513228753779e-01 1.004126506563991938e+00 1.100727682260920437e+00
4.504999999999999893e+00 7.133633027179598907e-01 1.007279124106054358e+00 1.105332844151776461e+00
4.515000000000000568e+00 6.984012613968819672e-01 1.009009889542032745e+00 1.121610605852581655e+00
4.525000000000000355e+00 6.864014064939932824e-01 1.025954487717816832e+00 1.129628011443114088e+00
4.535000000000000142e+00 6.748232900571558002e-01 1.032813736683984684e+00 1.142405942842513511e+00
4.544999999999999929e+00 6.765171316832631065e-01 1.030925334516383352e+00 1.129671124877277721e+00
4.554999999999999716e+00 6.711501331645126633e-01 1.054561645471724818e+00 1.132715838570858002e+00
4.565000000000000391e+00 6.773719939237721199e-01 1.053769412299286001e+00 1.172359288719332815e+00
4.575000000000000178e+00 6.552243647307054442e-01 1.086357714729597523e+00 1.168825745628778723e+00
4.584999999999999964e+00 6.594749200152737467e-01 1.076018638200427091e+00 1.191523463769964319e+00
4.595000000000000639e+00 6.547996708696227630e-01 1.096180241329758553e+00 1.197976828817893358e+00
4.605000000000000426e+00 6.658120429189364753e-01 1.108251854676400638e+00 1.211250402752258148e+00
4.615000000000000213e+00 6.665144107929292794e-01 1.114519946587217758e+00 1.185122314899902607e+00
4.625000000000000000e+00 6.501344788265450703e-01 1.121809797693541944e+00 1.246420845908774222e+00
4.634999999999999787e+00 6.597704741231705805e-01 1.138683491580961382e+00 1.214781139942943122e+00
4.644999999999999574e+00 6.439325634213617366e-01 1.139247552773905880e+00 1.215402520852647772e+00
4.655000000000000249e+00 6.594748887724296571e-01 1.151285372025364628e+00 1.245113100102742898e+00
4.665000000000000036e+00 6.678616960320108431e-01 1.192572038466661377e+00 1.239780716078150880e+00
4.674999999999999822e+00 6.523255902333052747e-01 1.200992923112889743e+00 1.280957864500045895e+00
4.685000000000000497e+00 6.689772044027382236e-01 1.197534982042066876e+00 1.274285503401711761e+00
4.695000000000000284e+00 6.720034676048152189e-01 1.233474600145891609e+00 1.306209093110177522e+00
4.705000000000000071e+00 6.677254320100546314e-01 1.238283543125765052e+00 1.327653486417476714e+00
4.714999999999999858e+00 6.700474297119332068e-01 1.261779566524945162e+00 1.317847045044573173e+00
4.724999999999999645e+00 6.717490780301682562e-01 1.287370383382959727e+00 1.293243355623374002e+00
4.735000000000000320e+00 6.683965026855684943e-01 1.298816772579277856e+00 1.316509403451118665e+00
4.745000000000000107e+00 6.775979207033148155e-01 1.332270150225305594e+00 1.337209125495880224e+00
4.754999999999999893e+00 6.775403138429816341e-01 1.344069680007041523e+00 1.342454741014132980e+00
4.765000000000000568e+00 6.813514437560553860e-01 1.355904723766878206e+00 1.310218139457519193e+00
4.775000000000000355e+00 6.869445553208970434e-01 1.381459549738262682e+00 1.349867525047230510e+00
4.785000000000000142e+00 6.871933301226663682e-01 1.398525413297110109e+00 1.344231341117587020e+00
4.794999999999999929e+00 6.950136610376004276e-01 1.430090947114239786e+00 1.393203537393611136e+00
4.804999999999999716e+00 6.883856933824386015e-01 1.438521941340432209e+00 1.388848328754042738e+00
4.815000000000000391e+00 6.981288607439397609e-01 1.461975758215005916e+00 1.375926651302145309e+00
4.825000000000000178e+00 6.948816018930488170e-01 1.481373223118463311e+00 1.365666560568712606e+00
4.834999999999999964e+00 6.815735976713718225e-01 1.500384879123864534e+00 1.397793853224371663e+00
4.845000000000000639e+00 6.899342953998272021e-01 1.504096358479250162e+00 1.381848316181002456e+00
4.855000000000000426e+00 6.904749112652946996e-01 1.547336954421257627e+00 1.402637184622136601e+00
4.865000000000000213e+00 6.957035875623343024e-01 1.554376143726106330e+00 1.383413000244907876e+00
4.875000000000000000e+00 7.159683756459819248e-01 1.562741352109845439e+00 1.373553064007527524e+00
4.884999999999999787e+00 7.037202064716232552e-01 1.599819350589076761e+00 1.416064776019198446e+00
4.894999999999999574e+00 6.949601503321389817e-01 1.637482104440522779e+00 1.404466461490526230e+00
4.905000000000000249e+00 7.006835336292832617e-01 1.610944361259330826e+00 1.441792443915725030e+00
4.915000000000000036e+00 7.034690277793101965e-01 1.641771255768570859e+00 1.405701368137971086e+00
4.924999999999999822e+00 7.054050304757474299e-01 1.661728699689933642e+00 1.430653640235418411e+00
4.935000000000000497e+00 7.056158524043171232e-01 1.667540495700331915e+00 1.426497104744752553e+00
4.945000000000000284e+00 7.133531883031817289e-01 1.696911804069252572e+00 1.450869434174006933e+00
4.955000000000000071e+00 7.055419617577074476e-01 1.709808646041745206e+00 1.440692755483401477e+00
4.964999999999999858e+00 7.102435021384891911e-01 1.703062791410852483e+00 1.433010019861181483e+00
4.974999999999999645e+00 7.199309015239229170e-01 1.732501375910215247e+00 1.451395718385225964e+00
4.985000000000000320e+00 7.245257643305096362e-01 1.715939890964182757e+00 1.469355348015414009e+00
4.995000000000000107e+00 7.228250552127877260e-01 1.707546138621116150e+00 1.450705761465164167e+00
5.004999999999999893e+00 7.280227815095852151e-01 1.729087234169607301e+00 1.476717487648856464e+00
5.015000000000000568e+00 7.269700768275252356e-01 1.736320778087238059e+00 1.461067311271006419e+00
5.025000000000000355e+00 7.267087348435128380e-01 1.719097345432094137e+00 1.500480010764083660e+00
5.035000000000000142e+00 7.323359394432762404e-01 1.722619635136017013e+00 1.468600017306595173e+00
5.044999999999999929e+00 7.385649586579998704e-01 1.734773405896059550e+00 1.492519404358493729e+00
5.054999999999999716e+00 7.413615036145397852e-01 1.729670303246468643e+00 1.468433579263843880e+00
5.065000000000000391e+00 7.390192650153167842e-01 1.724076371653084028e+00 1.478944270178599529e+00
5.075000000000000178e+00 7.354008919813050937e-01 1.709297989818096442e+00 1.526221059033055605e+00
5.084999999999999964e+00 7.301363548216582844e-01 1.684609110531377851e+00 1.520737627994261931e+00
5.095000000000000639e+00 7.451112481909660801e-01 1.665535268180424300e+00 1.478969743706317619e+00
5.105000000000000426e+00 7.572248262880387770e-01 1.680351307116055848e+00 1.518270803928245982e+00
5.115000000000000213e+00 7.554722242181721725e-01 1.649173852800388307e+00 1.507265097608848192e+00
5.125000000000000000e+00 7.766022168251290880e-01 1.627262838704697012e+00 1.498861235402120684e+00
5.134999999999999787e+00 7.598586529290497493e-01 1.614762581365295047e+00 1.500834138538789109e+00
5.144999999999999574e+00 7.624252998379413837e-01 1.583662682837724045e+00 1.444595304956099557e+00
5.155000000000000249e+00 7.614063150683202386e-01 1.571653556917333328e+00 1.485463686127875382e+00
5.165000000000000036e+00 7.736412542976955908e-01 1.529862359724996734e+00 1.508584892176157766e+00
5.174999999999999822e+00 7.733191332728852618e-01 1.527488113301554984e+00 1.464583888243694787e+00
5.185000000000000497e+00 7.856495750438190484e-01 1.490054859599058368e+00 1.446839811466835046e+00
5.195000000000000284e+00 7.718656395675225212e-01 1.470671253654508348e+00 1.470548256978615020e+00
5.205000000000000071e+00 7.856272234159157319e-01 1.444931666522753178e+00 1.490633312551158829e+00
5.214999999999999858e+00 8.019018625182048332e-01 1.395516734414291360e+00 1.456361190801707783e+00
5.224999999999999645e+00 7.972546707349443817e-01 1.370239669337723898e+00 1.481432195857032452e+00
5.235000000000000320e+00 7.877921314254980878e-01 1.343570759200082732e+00 1.446950307811961878e+00
5.245000000000000107e+00 7.893158772517436805e-01 1.336401131009965271e+00 1.496460369896220444e+00
5.254999999999999893e+00 8.027826313736687869e-01 1.307639568076432779e+00 1.442207982514229103e+00
5.265000000000000568e+00 8.063820264318664055e-01 1.256693818887618441e+00 1.445117061921556978e+00
5.275000000000000355e+00 8.153166250073951016e-01 1.226404647507282952e+00 1.401946152181857697e+00
5.285000000000000142e+00 8.092630641736392461e-01 1.214161993557527852e+00 1.374778636663581688e+00
5.294999999999999929e+00 7.952577270042245905e-01 1.174239412896814105e+00 1.367933270478906005e+00
5.304999999999999716e+00 8.108983265644053029e-01 1.144634590566439458e+00 1.413970783833322198e+00
5.315000000000000391e+00 8.183665754027301675e-01 1.112893938637268709e+00 1.359302827806559311e+00
5.325000000000000178e+00 8.206807516946489356e-01 1.081032223311352292e+00 1.370591290327501488e+00
5.334999999999999964e+00 8.229135297690186590e-01 1.085438806910467235e+00 1.360559699303482306e+00
5.345000000000000639e+00 8.220448317625300705e-01 1.046001215256844752e+00 1.326890739042839940e+00
5.355000000000000426e+00 8.339100963153150969e-01 1.029596522997858088e+00 1.351110305967845315e+00
5.365000000000000213e+00 8.355326306072781151e-01 9.966998978638235140e-01 1.347692797967791956e+00
5.375000000000000000e+00 8.426523699989246774e-01 9.936266288179302908e-01 1.317865105520543478e+00
5.384999999999999787e+00 8.410137624882614293e-01 9.533091893292828800e-01 1.332663974804456197e+00
5.394999999999999574e+00 8.467374953617017308e-01 9.464140487923876632e-01 1.314726896966758485e+00
5.405000000000000249e+00 8.411642971179345007e-01 9.214402090338902340e-01 1.288050583834783769e+00
5.415000000000000036e+00 8.514752251145832895e-01 8.977762777067344047e-01 1.307523612321137563e+00
5.424999999999999822e+00 8.434327374089022333e-01 8.848261333207859680e-01 1.262103815405939411e+00
5.435000000000000497e+00 8.540976848405892330e-01 8.712908886798905739e-01 1.254766758625093015e+00
5.445000000000000284e+00 8.548260558179018309e-01 8.619915918457139448e-01 1.242772654823668610e+00
5.455000000000000071e+00 8.618460035456300128e-01 8.450017443513004878e-01 1.267893046375826005e+00
5.464999999999999858e+00 8.720876266086503570e-01 8.442461749467033982e-01 1.285708234831946406e+00
5.474999999999999645e+00 8.701783134028079347e-01 8.248865177573830865e-01 1.263297811058695874e+00
5.485000000000000320e+00 8.734076668132775279e-01 8.186266023144406212e-01 1.252737575669271353e+00
5.495000000000000107e+00 8.685276761208743368e-01 8.064703540311036756e-01 1.247302704039926713e+00
5.504999999999999893e+00 8.911704376704923103e-01 7.938492806067960483e-01 1.250442688845420314e+00
5.515000000000000568e+00 9.018565753422896902e-01 7.775491221668957564e-01 1.252678619444400177e+00
5.525000000000000355e+00 9.002260303343180281e-01 7.746826405872659915e-01 1.229661889354408233e+00
5.535000000000000142e+00 9.099239538230522450e-01 7.689605025341987865e-01 1.245592495016647927e+00
5.544999999999999929e+00 9.160374388375399635e-01 7.559333113424224759e-01 1.208284150320535932e+00
5.554999999999999716e+00 9.244138270955220005e-01 7.674673240720314427e-01 1.229539773515077261e+00
5.565000000000000391e+00 9.313843331176595575e-01 7.565655463848323103e-01 1.221480621463703065e+00
5.575000000000000178e+00 9.456147815612087060e-01 7.592472873411602041e-01 1.220306583930242939e+00
5.584999999999999964e+00 9.482974154586395477e-01 7.422707297524420156e-01 1.204447328937367612e+00
5.595000000000000639e+00 9.708901172953036118e-01 7.451337761286696004e-01 1.200357812121323420e+00
5.605000000000000426e+00 9.717080922014781352e-01 7.494509322008464647e-01 1.186780328560539610e+00
5.615000000000000213e+00 9.805157179067582884e-01 7.491527532229720343e-01 1.185504883885976302e+00
5.625000000000000000e+00 9.796028487306076560e-01 7.517369973311024411e-01 1.164717625339459994e+00
5.634999999999999787e+00 9.949460286670958054e-01 7.451510682783356598e-01 1.173968363743786325e+00
5.644999999999999574e+00 1.012466144071464624e+00 7.432946315162236584e-01 1.123561894125707949e+00
5.655000000000000249e+00 1.018749571264521814e+00 7.456505726403477308e-01 1.143881020463093590e+00
5.665000000000000036e+00 1.012673677548793005e+00 7.442099085811313408e-01 1.132605767750297199e+00
5.674999999999999822e+00 1.021424806271014285e+00 7.398372612929707826e-01 1.138718593307988414e+00
5.685000000000000497e+00 1.036013849028744493e+00 7.379557356271962965e-01 1.082745910227126407e+00
5.695000000000000284e+00 1.046656184618705243e+00 7.352640718037234402e-01 1.115177801555313319e+00
5.705000000000000071e+00 1.047324672227638365e+00 7.458452943812171609e-01 1.117187112628449830e+00
5.714999999999999858e+00 1.058043679534513393e+00 7.493353872732305687e-01 1.121614720459429337e+00
5.724999999999999645e+00 1.069542328535088238e+00 7.387696146488519355e-01 1.097241758188451710e+00
5.735000000000000320e+00 1.071517950781863515e+00 7.468935287521127897e-01 1.081509499913200445e+00
5.745000000000000107e+00 1.069852695421827704e+00 7.465585483540518874e-01 1.077345435803395368e+00
5.754999999999999893e+00 1.087285297716479526e+00 7.572460770518376627e-01 1.074606900688214406e+00
5.765000000000000568e+00 1.106688030874833029e+00 7.602144259738993215e-01 1.057698321101437910e+00
5.775000000000000355e+00 1.105794842320577454e+00 7.546975150221223450e-01 1.064787868869985443e+00
5.785000000000000142e+00 1.109414250201862462e+00 7.566532505735277248e-01 1.052579707031038314e+00
5.794999999999999929e+00 1.111964231621969112e+00 7.625448299789040485e-01 1.038077102137332286e+00
5.804999999999999716e+00 1.109860319092985215e+00 7.683421042802240919e-01 1.045142272617074042e+00
5.815000000000000391e+00 1.133925766172582117e+00 7.688430958933133441e-01 1.022702677862173060e+00
5.825000000000000178e+00 1.138057871156180179e+00 7.688469706366732881e-01 1.011954837035977661e+00
5.834999999999999964e+00 1.124800886637961961e+00 7.722098832119249634e-01 1.004199456736674101e+00
5.845000000000000639e+00 1.136258396145647609e+00 7.773913743692613121e-01 1.003681152010307276e+00
5.855000000000000426e+00 1.139303740885816651e+00 7.812257845883705532e-01 9.652031012365986928e-01
5.865000000000000213e+00 1.144782483636890724e+00 7.784192787875731101e-01 9.375964436496696530e-01
5.875000000000000000e+00 1.129828886231949214e+00 7.838500457297838953e-01 9.428704801343231745e-01
5.884999999999999787e+00 1.143675945425040252e+00 7.882330588875366972e-01 9.208831748287271690e-01
5.894999999999999574e+00 1.135882737647950336e+00 7.897162286931361797e-01 9.118392644819689474e-01
5.905000000000000249e+00 1.152649023090303038e+00 7.921844107735346308e-01 9.068495700328895737e-01
5.915000000000000036e+00 1.148944692729680472e+00 7.917851307329106803e-01 8.910725478214004402e-01
5.924999999999999822e+00 1.140956497762356303e+00 7.950244257395178149e-01 8.958208146356079205e-01
5.935000000000000497e+00 1.152475582985227343e+00 7.993211410835028286e-01 8.677374519095607530e-01
5.945000000000000284e+00 1.157054570310004582e+00 8.059794468213241636e-01 8.676383067919819503e-01
5.955000000000000071e+00 1.153967485568691442e+00 8.038832548721546178e-01 8.594848679827810090e-01
5.964999999999999858e+00 1.156865257767499600e+00 7.971319862097818731e-01 8.204082961822015685e-01
5.974999999999999645e+00 1.159365262953716336e+00 8.064139005210989586e-01 7.821461698585823186e-01
5.985000000000000320e+00 1.159710719036394666e+00 7.960761462209554606e-01 7.878749077667847045e-01
5.995000000000000107e+00 1.152335321719070160e+00 8.077384327410834786e-01 7.604960557075161054e-01
6.004999999999999893e+00 1.159362864554563499e+00 7.981924966098392638e-01 7.655136433868554580e-01
6.015000000000000568e+00 1.169548497738450710e+00 8.051282872644656141e-01 7.793014269300176933e-01
6.025000000000000355e+00 1.171384587230501761e+00 8.145740751794933177e-01 7.220337783584731550e-01
6.035000000000000142e+00 1.180219889476570083e+00 8.175730737518491775e-01 7.362304542408381058e-01
6.044999999999999929e+00 1.168279096119994032e+00 8.144615796448073652e-01 7.207158345864266291e-01
6.054999999999999716e+00 1.180494082784775856e+00 8.210991169824084501e-01 7.042131361659690336e-01
6.065000000000000391e+00 1.183462783547793107e+00 8.189802502640586290e-01 7.008099414413176964e-01
6.075000000000000178e+00 1.198188212324817314e+00 8.124186486374591620e-01 6.976052077312075994e-01
6.084999999999999964e+00 1.184122991160070804e+00 8.359279881191716832e-01 6.874251501847614687e-01
6.095000000000000639e+00 1.195028814486677859e+00 8.230008147023736287e-01 6.887454839287656672e-01
6.105000000000000426e+00 1.205144390043031644e+00 8.346904056078994216e-01 6.939722194298711955e-01
6.115000000000000213e+00 1.216075169990297633e+00 8.328947574592282521e-01 6.775009633817031807e-01
6.125000000000000000e+00 1.213125090626786529e+00 8.291597844180457200e-01 6.761753358790636437e-01
6.134999999999999787e+00 1.221123731016988900e+00 8.371744198092422318e-01 6.928461671868745286e-01
6.145000000000000462e+00 1.226998121094861727e+00 8.387153656230172949e-01 6.582434396588568992e-01
6.155000000000000249e+00 1.226606825899225095e+00 8.434400532970884878e-01 6.848459855152756459e-01
6.165000000000000036e+00 1.225294572206639732e+00 8.483480399963786445e-01 6.929318319175650220e-01
6.174999999999999822e+00 1.237826022458315745e+00 8.529586727650733113e-01 6.941715101682685019e-01
6.185000000000000497e+00 1.218684682740149849e+00 8.363190553063166721e-01 6.742269204949242756e-01
6.195000000000000284e+00 1.236463232173609983e+00 8.490602860083412695e-01 6.985189089597477752e-01
6.205000000000000071e+00 1.223342317069399332e+00 8.472741549032397623e-01 6.679908575110965474e-01
6.214999999999999858e+00 1.231139198188257344e+00 8.511669823018004344e-01 7.081241793292781805e-01
6.224999999999999645e+00 1.245903949666774757e+00 8.612409027432881281e-01 6.661039645645323581e-01
6.235000000000000320e+00 1.238196337493235433e+00 8.513080121927837363e-01 6.871942710258298614e-01
6.245000000000000107e+00 1.240106958709284557e+00 8.604997496603202789e-01 6.759731960239627746e-01
6.254999999999999893e+00 1.250525642488937716e+00 8.566900284970350166e-01 6.593904334220308527e-01
6.265000000000000568e+00 1.244760732986330387e+00 8.661356148302817859e-01 6.758927729066652734e-01
6.275000000000000355e+00 1.243620640753505757e+00 8.672972581393755265e-01 6.781239448360357747e-01
6.285000000000000142e+00 1.234036101138306973e+00 8.802118584523797029e-01 6.892450869279124204e-01
6.294999999999999929e+00 1.241594608932774513e+00 8.583186587794948696e-01 6.751620933745893227e-01
6.304999999999999716e+00 1.229768395666837710e+00 8.727577166192354019e-01 6.711850866997143283e-01
6.315000000000000391e+00 1.250514954512642607e+00 8.692466915149948958e-01 6.723905749361418493e-01
6.325000000000000178e+00 1.219514272211371653e+00 8.704830229474059822e-01 6.830441564105467211e-01
6.334999999999999964e+00 1.238454525010671992e+00 8.851480063715826407e-01 6.802277441853847861e-01
6.345000000000000639e+00 1.250467120384392006e+00 8.746508778212863655e-01 6.894636727320510028e-01
6.355000000000000426e+00 1.227219546382980475e+00 8.861608424973614895e-01 6.608294925269012632e-01
6.365000000000000213e+00 1.231764728937616349e+00 8.867378706839627034e-01 6.623598010264869496e-01
6.375000000000000000e+00 1.236602086945545409e+00 8.939228230234823602e-01 6.516255911262590628e-01
6.384999999999999787e+00 1.227927752196715350e+00 8.867688581111614621e-01 6.626136229279802059e-01
6.395000000000000462e+00 1.221736616254176511e+00 8.939813374583776007e-01 6.754778182611783643e-01
6.405000000000000249e+00 1.231599193795561042e+00 8.870653676881109506e-01 6.688390339605878587e-01
6.415000000000000036e+00 1.224132630371078889e+00 9.095089268416645112e-01 6.499776446712015598e-01
6.424999999999999822e+00 1.220284860420366879e+00 8.965883294578163021e-01 6.609826070083631988e-01
6.435000000000000497e+00 1.219821872222753401e+00 9.090346343567078380e-01 6.767257833544381151e-01
6.445000000000000284e+00 1.224550239113460171e+00 9.090528433474837078e-01 6.680745259887445053e-01
6.455000000000000071e+00 1.207534539450318745e+00 9.128905352176284183e-01 6.742914294512616369e-01
6.464999999999999858e+00 1.198917520559781513e+00 9.133645300210497808e-01 6.817374136516405336e-01
6.474999999999999645e+00 1.204322219230118174e+00 9.091203656768018782e-01 6.682321695024783237e-01
6.485000000000000320e+00 1.212134748957882424e+00 9.084893508175572174e-01 6.590691641465336037e-01
6.495000000000000107e+00 1.200497004391206435e+00 9.191102323463105073e-01 6.715197742257107416e-01
6.504999999999999893e+00 1.193043443769675971e+00 9.156982029209604912e-01 6.688291680034360587e-01
6.515000000000000568e+00 1.193137653120419417e+00 9.215309891223060212e-01 6.614595923109827247e-01
6.525000000000000355e+00 1.176190180933798235e+00 9.362508145130263859e-01 6.737793678662259422e-01
6.535000000000000142e+00 1.179355541792343143e+00 9.302785739103447415e-01 6.751388806437944590e-01
6.544999999999999929e+00 1.160643925128228116e+00 9.323973847713582508e-01 6.766419251047994798e-01
6.554999999999999716e+00 1.161701971639826469e+00 9.322972165419401991e-01 6.833859112968182492e-01
6.565000000000000391e+00 1.162401607337139486e+00 9.426293372336757015e-01 6.826919229707738568e-01
6.575000000000000178e+00 1.144049085659718967e+00 9.398793807186677229e-01 6.861453491362293766e-01
6.584999999999999964e+00 1.124233295836432278e+00 9.438400123257042473e-01 6.907994866967156478e-01
6.595000000000000639e+00 1.146050087921892668e+00 9.388811095538324158e-01 6.966433724603626754e-01
6.605000000000000426e+00 1.129609381207166363e+00 9.436111236050568341e-01 7.068618585083238370e-01
6.615000000000000213e+00 1.114514442730126120e+00 9.422016496004308461e-01 7.047263254126647780e-01
6.625000000000000000e+00 1.101055837383289937e+00 9.550904037088214782e-01 7.084995765090263964e-01
6.634999999999999787e+00 1.106259827279216568e+00 9.359645050619851414e-01 7.130009151587958227e-01
6.645000000000000462e+00 1.099136385077598366e+00 9.504774560377958759e-01 7.307028016520248359e-01
6.655000000000000249e+00 1.083656394022194158e+00 9.390414607811371495e-01 7.449973757015326825e-01
6.665000000000000036e+00 1.078688383278609386e+00 9.388411102845379830e-01 7.436601981496117064e-01
6.674999999999999822e+00 1.067226421763251887e+00 9.520106687959313252e-01 7.503737884816387149e-01
6.685000000000000497e+00 1.056942338335936427e+00 9.498702429909662293e-01 7.421882599285060111e-01
6.695000000000000284e+00 1.043900742572311469e+00 9.596614481145926412e-01 7.510812522111509626e-01
6.705000000000000071e+00 1.036359119403518880e+00 9.681348513550114276e-01 7.559307968404977984e-01
6.714999999999999858e+00 1.029299452883575716e+00 9.639652185512790350e-01 7.738517986491308953e-01
6.724999999999999645e+00 1.024809368444411062e+00 9.630088679444865907e-01 7.876994909325277794e-01
6.735000000000000320e+00 1.010315805230243669e+00 9.737260686943084442e-01 7.963390259680944716e-01
6.745000000000000107e+00 1.015421132172041219e+00 9.705855867441675056e-01 8.222890105323636956e-01
6.754999999999999893e+00 1.002814354400588082e+00 9.732791619532439320e-01 8.093806679043120678e-01
6.765000000000000568e+00 9.876664778665212863e-01 9.808847479935302038e-01 8.080050351349817861e-01
6.775000000000000355e+00 9.887666531385248536e-01 9.811732723683991297e-01 8.208083022945517060e-01
6.785000000000000142e+00 9.709645728459868064e-01 9.871521227200343862e-01 8.225726902589497458e-01
6.794999999999999929e+00 9.683604211281714447e-01 9.950686060236104691e-01 8.305059270850913000e-01
6.804999999999999716e+00 9.513235119676128893e-01 9.937590708030743514e-01 8.555926186825473234e-01
6.815000000000000391e+00 9.504634383308124823e-01 1.000279057875616440e+00 8.459364030592545491e-01
6.825000000000000178e+00 9.323944981319750580e-01 9.992740637462258491e-01 8.786628066315539387e-01
6.834999999999999964e+00 9.261155088161304727e-01 1.007010284540172496e+00 8.665724064386625125e-01
6.845000000000000639e+00 9.149099595537858454e-01 1.017424649926585101e+00 8.707018276998628181e-01
6.855000000000000426e+00 9.033772880780941428e-01 1.019261906375166893e+00 8.784767529060624192e-01
6.865000000000000213e+00 8.984230425716333013e-01 1.025310198009899088e+00 8.905696327290761882e-01
6.875000000000000000e+00 8.820814977238505827e-01 1.026438067673800747e+00 8.930372870267900831e-01
6.884999999999999787e+00 8.863835351396065487e-01 1.041735239414153691e+00 9.034697717152160301e-01
6.895000000000000462e+00 8.846870911926528747e-01 1.050760114861941652e+00 9.372984106523161163e-01
6.905000000000000249e+00 8.732150696660688771e-01 1.050364421451224439e+00 9.228892934816351756e-01
6.915000000000000036e+00 8.541348295659140222e-01 1.049064169733427532e+00 9.156403122540966999e-01
6.924999999999999822e+00 8.546116000710373140e-01 1.051297208267842231e+00 9.237959271492377500e-01
6.935000000000000497e+00 8.478005178320174862e-01 1.073011010744125082e+00 9.302442609467930223e-01
6.945000000000000284e+00 8.467716326249485892e-01 1.066998325115182444e+00 9.548203536279695758e-01
6.955000000000000071e+00 8.290011235802826617e-01 1.078308774916499457e+00 9.592134187662092470e-01
6.964999999999999858e+00 8.240563740393375136e-01 1.072032816746184558e+00 9.496183973194324279e-01
6.974999999999999645e+00 8.188636327509403179e-01 1.088167866260748351e+00 9.610892914160518163e-01
6.985000000000000320e+00 8.196842986587181690e-01 1.091755805160727899e+00 9.851451398222309530e-01
6.995000000000000107e+00 8.140860007134236298e-01 1.100305070464251633e+00 1.012858665887617970e+00
7.004999999999999893e+00 8.058442521216305776e-01 1.107684928131428270e+00 1.001174810610714117e+00
7.015000000000000568e+00 8.031436753953302699e-01 1.113871541746364491e+00 1.034477924315523989e+00
7.025000000000000355e+00 8.080222095016792450e-01 1.121666391879630575e+00 1.025750328385965915e+00
7.035000000000000142e+00 8.051901231759255317e-01 1.131223375050825375e+00 1.004727034167044009e+00
7.044999999999999929e+00 8.002640991980992657e-01 1.120557005558861174e+00 1.027692795811123050e+00
7.054999999999999716e+00 7.844586900861759693e-01 1.126952853991600501e+00 1.027315762982992986e+00
7.065000000000000391e+00 7.831041086755821112e-01 1.128021051450488255e+00 1.032922000420291475e+00
7.075000000000000178e+00 7.742272966081904517e-01 1.140949091061577603e+00 1.053214383274627908e+00
7.084999999999999964e+00 7.761101658839612005e-01 1.132804089522020830e+00 1.055401375836750422e+00
7.095000000000000639e+00 7.767264604276936657e-01 1.145142347549650053e+00 1.075376102950575286e+00
7.105000000000000426e+00 7.749032357233781587e-01 1.145044549643094323e+00 1.079189775102217475e+00
7.115000000000000213e+00 7.728248994642011871e-01 1.152385134535347300e+00 1.081535202084043412e+00
7.125000000000000000e+00 7.745149513208988701e-01 1.158208808167757065e+00 1.119695569980504235e+00
7.134999999999999787e+00 7.707153341439810790e-01 1.157409690247270362e+00 1.061396295194223738e+00
7.145000000000000462e+00 7.692422186209412205e-01 1.163177722742911646e+00 1.082745566499802470e+00
7.155000000000000249e+00 7.660884733078198172e-01 1.162230456183327654e+00 1.103582379661370627e+00
7.165000000000000036e+00 7.784352665001034177e-01 1.172793327002149333e+00 1.093779464084703834e+00
7.174999999999999822e+00 7.743003039425254697e-01 1.172653743402651383e+00 1.129033461467595645e+00
7.185000000000000497e+00 7.670346298509936878e-01 1.178200942247856542e+00 1.114190298101938037e+00
7.195000000000000284e+00 7.715726029738869673e-01 1.183392186003870306e+00 1.124176088700921339e+00
7.205000000000000071e+00 7.773293435290099529e-01 1.176560681193911329e+00 1.141135973727529507e+00
7.214999999999999858e+00 7.684168407128230127e-01 1.174800021980224374e+00 1.137209737128956233e+00
7.224999999999999645e+00 7.808215206540521924e-01 1.178576925140663256e+00 1.140677289477350698e+00
7.235000000000000320e+00 7.769523692517522617e-01 1.187782105147726641e+00 1.172657787479872926e+00
7.245000000000000107e+00 7.780975018718313541e-01 1.190702927015098833e+00 1.180553004302937747e+00
7.254999999999999893e+00 7.861705428779649507e-01 1.176670141907353528e+00 1.164687757570211479e+00
7.265000000000000568e+00 7.773412450983215871e-01 1.184690698536980946e+00 1.162112583084691453e+00
7.275000000000000355e+00 7.843312942363956930e-01 1.179993520432093712e+00 1.175979510370030789e+00
7.285000000000000142e+00 7.873708823515119803e-01 1.186857542841570856e+00 1.151737492760912085e+00
7.294999999999999929e+00 7.917007525612991259e-01 1.175528255487117812e+00 1.162055152272365666e+00
7.304999999999999716e+00 7.961283885639757196e-01 1.172623061516545384e+00 1.174427001296078688e+00
7.315000000000000391e+00 7.934258790807716677e-01 1.167837285897972421e+00 1.202111546898138705e+00
7.325000000000000178e+00 8.030464038464346643e-01 1.169754740104648194e+00 1.190789043660581248e+00
7.334999999999999964e+00 7.929610479826977310e-01 1.160150908093106281e+00 1.182978808326803799e+00
7.345000000000000639e+00 8.131691759320277546e-01 1.166838699483578656e+00 1.177913945523815009e+00
7.355000000000000426e+00 8.114810546464309438e-01 1.153573903499230946e+00 1.225520785163788373e+00
7.365000000000000213e+00 8.039243361698455992e-01 1.165895292129702332e+00 1.219747268671489859e+00
7.375000000000000000e+00 8.157824853738764315e-01 1.155625738894070276e+00 1.208019639073128593e+00
7.384999999999999787e+00 8.127225834805517080e-01 1.147446454359851709e+00 1.207793525543927826e+00
7.395000000000000462e+00 8.174761778463989215e-01 1.159945128684296334e+00 1.205500418936660934e+00
7.405000000000000249e+00 8.285574367373794713e-01 1.143526702708343556e+00 1.220528606670493454e+00
7.415000000000000036e+00 8.220678385757744788e-01 1.149107935631917377e+00 1.205767919218254880e+00
7.424999999999999822e+00 8.219623698003455381e-01 1.140144265065329288e+00 1.226726830188055617e+00
7.435000000000000497e+00 8.387881852167295982e-01 1.138910843319834054e+00 1.194005388899985753e+00
7.445000000000000284e+00 8.378539275022617305e-01 1.136961281843425153e+00 1.201939053284042158e+00
7.455000000000000071e+00 8.399378636914781593e-01 1.127641816575062794e+00 1.203853202059690819e+00
7.464999999999999858e+00 8.521637869470035653e-01 1.133617295497583166e+00 1.197889959143313421e+00
7.474999999999999645e+00 8.422811010289161793e-01 1.125417772456749121e+00 1.188271024317984370e+00
7.485000000000000320e+00 8.512893262780100168e-01 1.127863558952407974e+00 1.189363998865866634e+00
7.495000000000000107e+00 8.642942411400371672e-01 1.119035462454411878e+00 1.227319686082013694e+00
7.504999999999999893e+00 8.565411670431550828e-01 1.129256472567594427e+00 1.190812633911792373e+00
7.515000000000000568e+00 8.581717953657670428e-01 1.112205458567085303e+00 1.190466870541299738e+00
7.525000000000000355e+00 8.645390182115266775e-01 1.123525550789403304e+00 1.174994581030095020e+00
7.535000000000000142e+00 8.626550691713217311e-01 1.108238438744628240e+00 1.177490551888201953e+00
7.544999999999999929e+00 8.745684725800516590e-01 1.096089666521553596e+00 1.166441159148671636e+00
7.554999999999999716e+00 8.791172243909831652e-01 1.094033223645895170e+00 1.170101449062056709e+00
7.565000000000000391e+00 8.793467001472009548e-01 1.095579970695584215e+00 1.185918843785473298e+00
7.575000000000000178e+00 8.820305022420180663e-01 1.096709796124101688e+00 1.182674072790438569e+00
7.584999999999999964e+00 8.940151706971776191e-01 1.085684638077366371e+00 1.194328107998165578e+00
7.595000000000000639e+00 8.832896771248683887e-01 1.082770029302682513e+00 1.188077701157694621e+00
7.605000000000000426e+00 8.928775286774387476e-01 1.071516167747216253e+00 1.178068017846185533e+00
7.615000000000000213e+00 8.968880254210550573e-01 1.078005826827247216e+00 1.187569503151979067e+00
7.625000000000000000e+00 8.988190687701752557e-01 1.073638606887070024e+00 1.168470498726443818e+00
7.634999999999999787e+00 8.954696238944978015e-01 1.063539230261520085e+00 1.168600529176362146e+00
7.645000000000000462e+00 9.046862942331040935e-01 1.057237451638472825e+00 1.184401279423513920e+00
7.655000000000000249e+00 9.181569234833071302e-01 1.053514048983098084e+00 1.160123009096346358e+00
7.665000000000000036e+00 9.168080035156789265e-01 1.051303686782399494e+00 1.150318047179344383e+00
7.674999999999999822e+00 9.200556626085557577e-01 1.048340510769784295e+00 1.158254675645020937e+00
7.685000000000000497e+00 9.265713301000421120e-01 1.035356554048883826e+00 1.155354721515056582e+00
7.695000000000000284e+00 9.326856572898231112e-01 1.031602191762423626e+00 1.168947337388873908e+00
7.705000000000000071e+00 9.272189368746371896e-01 1.030463812164935655e+00 1.147910798651408104e+00
7.714999999999999858e+00 9.402090517853478602e-01 1.027348066164291085e+00 1.165682994271151296e+00
7.724999999999999645e+00 9.230915144043664311e-01 1.020907508865353419e+00 1.122505981360657712e+00
7.735000000000000320e+00 9.412064748251581792e-01 1.011389869010299147e+00 1.136582619191145671e+00
7.745000000000000107e+00 9.501217982296407127e-01 1.014783979494752408e+00 1.148147999048812595e+00
7.754999999999999893e+00 9.470934827102048814e-01 1.004054871728033982e+00 1.146844710283386970e+00
7.765000000000000568e+00 9.508766597960600642e-01 9.951118031579251344e-01 1.168446400388581496e+00
7.775000000000000355e+00 9.503541519610287924e-01 9.986488579556971334e-01 1.159402413156824574e+00
7.785000000000000142e+00 9.610591556350904785e-01 9.911008121499276236e-01 1.126521041380437849e+00
7.794999999999999929e+00 9.689746272260577609e-01 9.773330372145330180e-01 1.157066167032074322e+00
7.804999999999999716e+00 9.666294847425733749e-01 9.708252326681168221e-01 1.149525951133308688e+00
7.815000000000000391e+00 9.700543571575519497e-01 9.745926549400854011e-01 1.133867884301930085e+00
7.825000000000000178e+00 9.753288916177397239e-01 9.652183453286669046e-01 1.154933394865450769e+00
7.834999999999999964e+00 9.772748560983661736e-01 9.598631090910252350e-01 1.131871702974104998e+00
7.845000000000000639e+00 9.673957554660386204e-01 9.600065260671287737e-01 1.136323248001700703e+00
7.855000000000000426e+00 9.813428051688254383e-01 9.510003161542309735e-01 1.147311916179506008e+00
7.865000000000000213e+00 9.906545681735056119e-01 9.405879026566927870e-01 1.127975679703541845e+00
7.875000000000000000e+00 9.838313887437057925e-01 9.356849109996312475e-01 1.117512131562856892e+00
7.884999999999999787e+00 9.920956343568966274e-01 9.341940244408459826e-01 1.102613230047283954e+00
7.895000000000000462e+00 9.919804748560692165e-01 9.373142399583532791e-01 1.112709509939480812e+00
7.905000000000000249e+00 9.976793981101702569e-01 9.272418461630901332e-01 1.109896086261155768e+00
7.915000000000000036e+00 9.938088590150866430e-01 9.276026226459593849e-01 1.094376635428534916e+00
7.925000000000000711e+00 1.010065061240987827e+00 9.175731007380456550e-01 1.078720522208600485e+00
7.935000000000000497e+00 9.984794373946630497e-01 9.231697472593228815e-01 1.113012375314877733e+00
7.945000000000000284e+00 1.009140531741837599e+00 9.191908246264435256e-01 1.099484639794598317e+00
7.955000000000000071e+00 1.005582137819654998e+00 9.088557372490155828e-01 1.085601727879584866e+00
7.964999999999999858e+00 1.012424543712685310e+00 9.088772596997958253e-01 1.083296093078758515e+00
7.974999999999999645e+00 1.008817205919571025e+00 9.098091744834168049e-01 1.060330609729525975e+00
7.985000000000000320e+00 1.022430996597864405e+00 9.123995331165473122e-01 1.060696019384127942e+00
7.995000000000000107e+00 1.022549371879876823e+00 9.125592969888595141e-01 1.072169540226603601e+00
