# frames 151  V 32652.488  rho0 0.066151  nO 1440 nSi 720
# r  g_SiO  g_OO  g_SiSi  g_total(neutron)
1.000000000000000021e-02 0.000000000000000000e+00 0.000000000000000000e+00 0.000000000000000000e+00 0.000000000000000000e+00
2.999999999999999889e-02 0.000000000000000000e+00 0.000000000000000000e+00 0.000000000000000000e+00 0.000000000000000000e+00
5.000000000000000278e-02 0.000000000000000000e+00 0.000000000000000000e+00 0.000000000000000000e+00 0.000000000000000000e+00
7.000000000000000666e-02 0.000000000000000000e+00 0.000000000000000000e+00 0.000000000000000000e+00 0.000000000000000000e+00
8.999999999999999667e-02 0.000000000000000000e+00 0.000000000000000000e+00 0.000000000000000000e+00 0.000000000000000000e+00
1.100000000000000006e-01 0.000000000000000000e+00 0.000000000000000000e+00 0.000000000000000000e+00 0.000000000000000000e+00
1.300000000000000044e-01 0.000000000000000000e+00 0.000000000000000000e+00 0.000000000000000000e+00 0.000000000000000000e+00
1.500000000000000222e-01 0.000000000000000000e+00 0.000000000000000000e+00 0.000000000000000000e+00 0.000000000000000000e+00
1.699999999999999845e-01 0.000000000000000000e+00 0.000000000000000000e+00 0.000000000000000000e+00 0.000000000000000000e+00
1.900000000000000022e-01 0.000000000000000000e+00 0.000000000000000000e+00 0.000000000000000000e+00 0.000000000000000000e+00
2.100000000000000200e-01 0.000000000000000000e+00 0.000000000000000000e+00 0.000000000000000000e+00 0.000000000000000000e+00
2.299999999999999822e-01 0.000000000000000000e+00 0.000000000000000000e+00 0.000000000000000000e+00 0.000000000000000000e+00
2.500000000000000000e-01 0.000000000000000000e+00 0.000000000000000000e+00 0.000000000000000000e+00 0.000000000000000000e+00
2.700000000000000178e-01 0.000000000000000000e+00 0.000000000000000000e+00 0.000000000000000000e+00 0.000000000000000000e+00
2.900000000000000355e-01 0.000000000000000000e+00 0.000000000000000000e+00 0.000000000000000000e+00 0.000000000000000000e+00
3.099999999999999978e-01 0.000000000000000000e+00 0.000000000000000000e+00 0.000000000000000000e+00 0.000000000000000000e+00
3.300000000000000155e-01 0.000000000000000000e+00 0.000000000000000000e+00 0.000000000000000000e+00 0.000000000000000000e+00
3.499999999999999778e-01 0.000000000000000000e+00 0.000000000000000000e+00 0.000000000000000000e+00 0.000000000000000000e+00
3.699999999999999956e-01 0.000000000000000000e+00 0.000000000000000000e+00 0.000000000000000000e+00 0.000000000000000000e+00
3.900000000000000133e-01 0.000000000000000000e+00 0.000000000000000000e+00 0.000000000000000000e+00 0.000000000000000000e+00
4.100000000000000311e-01 0.000000000000000000e+00 0.000000000000000000e+00 0.000000000000000000e+00 0.000000000000000000e+00
4.299999999999999933e-01 0.000000000000000000e+00 0.000000000000000000e+00 0.000000000000000000e+00 0.000000000000000000e+00
4.500000000000000111e-01 0.000000000000000000e+00 0.000000000000000000e+00 0.000000000000000000e+00 0.000000000000000000e+00
4.699999999999999734e-01 0.000000000000000000e+00 0.000000000000000000e+00 0.000000000000000000e+00 0.000000000000000000e+00
4.899999999999999911e-01 0.000000000000000000e+00 0.000000000000000000e+00 0.000000000000000000e+00 0.000000000000000000e+00
5.100000000000000089e-01 0.000000000000000000e+00 0.000000000000000000e+00 0.000000000000000000e+00 0.000000000000000000e+00
5.300000000000000266e-01 0.000000000000000000e+00 0.000000000000000000e+00 0.000000000000000000e+00 0.000000000000000000e+00
5.500000000000000444e-01 0.000000000000000000e+00 0.000000000000000000e+00 0.000000000000000000e+00 0.000000000000000000e+00
5.700000000000000622e-01 0.000000000000000000e+00 0.000000000000000000e+00 0.000000000000000000e+00 0.000000000000000000e+00
5.899999999999999689e-01 0.000000000000000000e+00 0.000000000000000000e+00 0.000000000000000000e+00 0.000000000000000000e+00
6.099999999999999867e-01 0.000000000000000000e+00 0.000000000000000000e+00 0.000000000000000000e+00 0.000000000000000000e+00
6.300000000000000044e-01 0.000000000000000000e+00 0.000000000000000000e+00 0.000000000000000000e+00 0.000000000000000000e+00
6.500000000000000222e-01 0.000000000000000000e+00 0.000000000000000000e+00 0.000000000000000000e+00 0.000000000000000000e+00
6.700000000000000400e-01 0.000000000000000000e+00 0.000000000000000000e+00 0.000000000000000000e+00 0.000000000000000000e+00
6.900000000000000577e-01 0.000000000000000000e+00 0.000000000000000000e+00 0.000000000000000000e+00 0.000000000000000000e+00
7.099999999999999645e-01 0.000000000000000000e+00 0.000000000000000000e+00 0.000000000000000000e+00 0.000000000000000000e+00
7.299999999999999822e-01 0.000000000000000000e+00 0.000000000000000000e+00 0.000000000000000000e+00 0.000000000000000000e+00
7.500000000000000000e-01 0.000000000000000000e+00 0.000000000000000000e+00 0.000000000000000000e+00 0.000000000000000000e+00
7.700000000000000178e-01 0.000000000000000000e+00 0.000000000000000000e+00 0.000000000000000000e+00 0.000000000000000000e+00
7.900000000000000355e-01 0.000000000000000000e+00 0.000000000000000000e+00 0.000000000000000000e+00 0.000000000000000000e+00
8.100000000000000533e-01 0.000000000000000000e+00 0.000000000000000000e+00 0.000000000000000000e+00 0.000000000000000000e+00
8.300000000000000711e-01 0.000000000000000000e+00 0.000000000000000000e+00 0.000000000000000000e+00 0.000000000000000000e+00
8.499999999999999778e-01 0.000000000000000000e+00 0.000000000000000000e+00 0.000000000000000000e+00 0.000000000000000000e+00
8.699999999999999956e-01 0.000000000000000000e+00 0.000000000000000000e+00 0.000000000000000000e+00 0.000000000000000000e+00
8.900000000000000133e-01 0.000000000000000000e+00 0.000000000000000000e+00 0.000000000000000000e+00 0.000000000000000000e+00
9.100000000000000311e-01 0.000000000000000000e+00 0.000000000000000000e+00 0.000000000000000000e+00 0.000000000000000000e+00
9.300000000000000488e-01 0.000000000000000000e+00 0.000000000000000000e+00 0.000000000000000000e+00 0.000000000000000000e+00
9.499999999999999556e-01 0.000000000000000000e+00 0.000000000000000000e+00 0.000000000000000000e+00 0.000000000000000000e+00
9.699999999999999734e-01 0.000000000000000000e+00 0.000000000000000000e+00 0.000000000000000000e+00 0.000000000000000000e+00
9.899999999999999911e-01 0.000000000000000000e+00 0.000000000000000000e+00 0.000000000000000000e+00 0.000000000000000000e+00
1.010000000000000009e+00 0.000000000000000000e+00 0.000000000000000000e+00 0.000000000000000000e+00 0.000000000000000000e+00
1.030000000000000027e+00 0.000000000000000000e+00 0.000000000000000000e+00 0.000000000000000000e+00 0.000000000000000000e+00
1.050000000000000044e+00 0.000000000000000000e+00 0.000000000000000000e+00 0.000000000000000000e+00 0.000000000000000000e+00
1.070000000000000062e+00 0.000000000000000000e+00 0.000000000000000000e+00 0.000000000000000000e+00 0.000000000000000000e+00
1.090000000000000080e+00 0.000000000000000000e+00 0.000000000000000000e+00 0.000000000000000000e+00 0.000000000000000000e+00
1.110000000000000098e+00 0.000000000000000000e+00 0.000000000000000000e+00 0.000000000000000000e+00 0.000000000000000000e+00
1.130000000000000115e+00 0.000000000000000000e+00 0.000000000000000000e+00 0.000000000000000000e+00 0.000000000000000000e+00
1.149999999999999911e+00 0.000000000000000000e+00 0.000000000000000000e+00 0.000000000000000000e+00 0.000000000000000000e+00
1.169999999999999929e+00 0.000000000000000000e+00 0.000000000000000000e+00 0.000000000000000000e+00 0.000000000000000000e+00
1.189999999999999947e+00 0.000000000000000000e+00 0.000000000000000000e+00 0.000000000000000000e+00 0.000000000000000000e+00
1.209999999999999964e+00 0.000000000000000000e+00 0.000000000000000000e+00 0.000000000000000000e+00 0.000000000000000000e+00
1.229999999999999982e+00 0.000000000000000000e+00 0.000000000000000000e+00 0.000000000000000000e+00 0.000000000000000000e+00
1.250000000000000000e+00 0.000000000000000000e+00 0.000000000000000000e+00 0.000000000000000000e+00 0.000000000000000000e+00
1.270000000000000018e+00 0.000000000000000000e+00 0.000000000000000000e+00 0.000000000000000000e+00 0.000000000000000000e+00
1.290000000000000036e+00 0.000000000000000000e+00 0.000000000000000000e+00 0.000000000000000000e+00 0.000000000000000000e+00
1.310000000000000053e+00 0.000000000000000000e+00 0.000000000000000000e+00 0.000000000000000000e+00 0.000000000000000000e+00
1.330000000000000071e+00 0.000000000000000000e+00 0.000000000000000000e+00 0.000000000000000000e+00 0.000000000000000000e+00
1.350000000000000089e+00 0.000000000000000000e+00 0.000000000000000000e+00 0.000000000000000000e+00 0.000000000000000000e+00
1.370000000000000107e+00 0.000000000000000000e+00 0.000000000000000000e+00 0.000000000000000000e+00 0.000000000000000000e+00
1.390000000000000124e+00 0.000000000000000000e+00 0.000000000000000000e+00 0.000000000000000000e+00 0.000000000000000000e+00
1.410000000000000142e+00 0.000000000000000000e+00 0.000000000000000000e+00 0.000000000000000000e+00 0.000000000000000000e+00
1.429999999999999938e+00 0.000000000000000000e+00 0.000000000000000000e+00 0.000000000000000000e+00 0.000000000000000000e+00
1.449999999999999956e+00 0.000000000000000000e+00 0.000000000000000000e+00 0.000000000000000000e+00 0.000000000000000000e+00
1.469999999999999973e+00 1.536136500495848120e-03 0.000000000000000000e+00 0.000000000000000000e+00 5.960105463282779808e-04
1.489999999999999991e+00 7.475873528042604500e-03 0.000000000000000000e+00 0.000000000000000000e+00 2.900588238279301623e-03
1.510000000000000009e+00 1.077313999079818202e-01 0.000000000000000000e+00 0.000000000000000000e+00 4.179905268518810391e-02
1.530000000000000027e+00 9.720510542817603072e-01 0.000000000000000000e+00 0.000000000000000000e+00 3.771492180118379833e-01
1.550000000000000044e+00 4.799885703335363907e+00 0.000000000000000000e+00 0.000000000000000000e+00 1.862323106986111920e+00
1.570000000000000062e+00 1.474145851927723427e+01 0.000000000000000000e+00 0.000000000000000000e+00 5.719585950150930742e+00
1.590000000000000080e+00 2.789372546938327702e+01 0.000000000000000000e+00 0.000000000000000000e+00 1.082257634707057115e+01
1.610000000000000098e+00 3.431329590175340627e+01 0.000000000000000000e+00 0.000000000000000000e+00 1.331332614655437219e+01
1.630000000000000115e+00 2.854954761651196904e+01 0.000000000000000000e+00 0.000000000000000000e+00 1.107703089331576862e+01
1.650000000000000133e+00 1.651183856782611770e+01 0.000000000000000000e+00 0.000000000000000000e+00 6.406481404821597891e+00
1.669999999999999929e+00 7.153590453766381252e+00 0.000000000000000000e+00 0.000000000000000000e+00 2.775544590719513316e+00
1.689999999999999947e+00 2.461306844103746450e+00 0.000000000000000000e+00 0.000000000000000000e+00 9.549703664760802457e-01
1.709999999999999964e+00 7.160271937667904707e-01 0.000000000000000000e+00 0.000000000000000000e+00 2.778136961169109242e-01
1.729999999999999982e+00 2.232071801561018587e-01 0.000000000000000000e+00 0.000000000000000000e+00 8.660287243112232969e-02
1.750000000000000000e+00 8.860865453080189746e-02 0.000000000000000000e+00 0.000000000000000000e+00 3.437955714174478761e-02
1.770000000000000018e+00 5.006333283708060133e-02 0.000000000000000000e+00 0.000000000000000000e+00 1.942423368340727430e-02
1.790000000000000036e+00 2.564092093163651900e-02 0.000000000000000000e+00 0.000000000000000000e+00 9.948503461698822437e-03
1.810000000000000053e+00 1.443850384172676651e-02 0.000000000000000000e+00 0.000000000000000000e+00 5.602041589463402881e-03
1.830000000000000071e+00 6.195014340383181266e-03 0.000000000000000000e+00 0.000000000000000000e+00 2.403623558408685742e-03
1.850000000000000089e+00 1.697301793093523815e-03 0.000000000000000000e+00 0.000000000000000000e+00 6.585415870654074723e-04
1.870000000000000107e+00 1.661190021694238959e-03 0.000000000000000000e+00 0.000000000000000000e+00 6.445304646204800397e-04
1.890000000000000124e+00 9.292677595592165269e-04 0.000000000000000000e+00 0.000000000000000000e+00 3.605495897541433547e-04
1.910000000000000142e+00 2.274771363121540733e-04 0.000000000000000000e+00 0.000000000000000000e+00 8.825958646698112175e-05
1.929999999999999938e+00 2.227870119950520666e-04 0.000000000000000000e+00 0.000000000000000000e+00 8.643985003361000523e-05
1.949999999999999956e+00 0.000000000000000000e+00 0.000000000000000000e+00 0.000000000000000000e+00 0.000000000000000000e+00
1.969999999999999973e+00 0.000000000000000000e+00 0.000000000000000000e+00 0.000000000000000000e+00 0.000000000000000000e+00
1.989999999999999991e+00 0.000000000000000000e+00 0.000000000000000000e+00 0.000000000000000000e+00 0.000000000000000000e+00
2.009999999999999787e+00 0.000000000000000000e+00 0.000000000000000000e+00 0.000000000000000000e+00 0.000000000000000000e+00
2.030000000000000249e+00 0.000000000000000000e+00 0.000000000000000000e+00 0.000000000000000000e+00 0.000000000000000000e+00
2.049999999999999822e+00 0.000000000000000000e+00 0.000000000000000000e+00 0.000000000000000000e+00 0.000000000000000000e+00
2.070000000000000284e+00 0.000000000000000000e+00 0.000000000000000000e+00 0.000000000000000000e+00 0.000000000000000000e+00
2.089999999999999858e+00 0.000000000000000000e+00 5.699452903873786181e-04 0.000000000000000000e+00 3.092829461415207864e-04
2.110000000000000320e+00 0.000000000000000000e+00 1.304780976811523337e-03 0.000000000000000000e+00 7.080442831686494572e-04
2.129999999999999893e+00 0.000000000000000000e+00 2.743699467633305394e-03 0.000000000000000000e+00 1.488878790628817960e-03
2.150000000000000355e+00 0.000000000000000000e+00 3.410995668713253173e-03 0.000000000000000000e+00 1.850989573014223677e-03
2.169999999999999929e+00 0.000000000000000000e+00 4.053338325840111049e-03 0.000000000000000000e+00 2.199559221328255439e-03
2.190000000000000391e+00 0.000000000000000000e+00 4.152670749886128686e-03 0.000000000000000000e+00 2.253462333213696999e-03
2.209999999999999964e+00 0.000000000000000000e+00 4.587580558643347683e-03 0.000000000000000000e+00 2.489467769572078788e-03
2.230000000000000426e+00 0.000000000000000000e+00 3.003774083059511379e-03 0.000000000000000000e+00 1.630009254608911834e-03
2.250000000000000000e+00 0.000000000000000000e+00 2.130996826221195645e-03 0.000000000000000000e+00 1.156393407837372732e-03
2.270000000000000462e+00 0.000000000000000000e+00 3.059893939068681484e-03 0.000000000000000000e+00 1.660462904628121463e-03
2.290000000000000036e+00 0.000000000000000000e+00 7.754067944554470133e-03 0.000000000000000000e+00 4.207774007296965178e-03
2.310000000000000053e+00 0.000000000000000000e+00 1.570731310114452731e-02 0.000000000000000000e+00 8.523632274577466403e-03
2.330000000000000071e+00 0.000000000000000000e+00 3.515770200694154357e-02 1.222876591545792729e-03 1.916326885552116846e-02
2.349999999999999645e+00 0.000000000000000000e+00 7.303062738188495495e-02 2.404300489938599079e-03 3.979708896945789720e-02
2.370000000000000107e+00 0.000000000000000000e+00 1.337076863727739984e-01 2.954865997188375806e-03 7.276190564169428276e-02
2.389999999999999680e+00 1.452809546367132311e-04 2.803922424488565213e-01 1.278472400803076260e-02 1.530989278157530165e-01
2.410000000000000142e+00 1.428796578881853341e-04 4.985071263718786616e-01 1.714555894658224139e-02 2.717612918209058592e-01
2.429999999999999716e+00 4.216122242444594556e-04 8.277653335999554107e-01 1.855093786675621539e-02 4.506401046091108586e-01
2.450000000000000178e+00 4.147568551338788666e-04 1.338282119231982481e+00 1.603726506517664727e-02 7.274969594226783354e-01
2.469999999999999751e+00 1.088179568234679678e-03 1.959811402390657875e+00 6.529077409408078070e-03 1.064374014179323646e+00
2.490000000000000213e+00 4.015383659845983165e-04 2.749065499652554756e+00 4.283075903835715376e-03 1.492243526478410187e+00
2.509999999999999787e+00 1.185494526884228132e-03 3.634857941041141682e+00 2.107545825571961219e-03 1.973075401944384577e+00
2.530000000000000249e+00 5.185891615118931250e-04 4.558917318851053224e+00 1.037178323023786250e-03 2.474186695705311578e+00
2.549999999999999822e+00 2.297188487142891051e-03 5.295912813942697639e+00 0.000000000000000000e+00 2.874738214006929748e+00
2.570000000000000284e+00 1.633358784045905142e-03 5.914140871063446880e+00 0.000000000000000000e+00 3.209964422900402514e+00
2.589999999999999858e+00 3.216461123938165606e-03 6.325418220310859319e+00 0.000000000000000000e+00 3.433759849581272228e+00
2.610000000000000320e+00 2.801891464093082904e-03 6.361999122643354987e+00 0.000000000000000000e+00 3.453449763001982920e+00
2.629999999999999893e+00 3.479292875194193307e-03 6.223255197558551721e+00 4.799024655440266556e-04 3.378455962338138274e+00
2.650000000000000355e+00 6.617603858298422466e-03 5.775041081340069660e+00 1.418057969635376243e-03 3.136513601028553033e+00
2.669999999999999929e+00 6.402427268431359203e-03 5.227058029715878185e+00 3.259417518474146559e-03 2.839192762812206006e+00
2.690000000000000391e+00 7.569093365860667111e-03 4.541341336283584162e+00 7.339726900228525815e-03 2.467821671649077508e+00
2.709999999999999964e+00 8.135765110849062232e-03 3.876579078581927629e+00 1.898345192531447970e-02 2.108113335600042326e+00
2.730000000000000426e+00 1.024393985833621339e-02 3.197668096214123512e+00 3.028643088551576101e-02 1.741301602065915999e+00
2.750000000000000000e+00 1.272908212280632854e-02 2.569848053741391247e+00 4.696592369449231058e-02 1.402733696787485052e+00
2.770000000000000462e+00 1.546610613460266091e-02 2.011242725028469014e+00 8.176486879552176401e-02 1.103079782557240707e+00
2.790000000000000036e+00 1.737735545275628443e-02 1.563109114406826095e+00 1.262256985034566903e-01 8.637234458872015130e-01
2.810000000000000053e+00 1.902262391781345957e-02 1.174988593376544044e+00 1.799266969463902965e-01 6.574710720044955048e-01
2.830000000000000071e+00 2.372832587302932741e-02 8.745286915649237436e-01 2.499245502434355448e-01 5.011057252101777104e-01
2.849999999999999645e+00 2.850486378990743641e-02 6.442712224342519445e-01 3.379716466559634092e-01 3.841152450785983996e-01
2.870000000000000107e+00 3.385166003829159775e-02 4.897408316849269916e-01 5.073719046215372508e-01 3.140816927018478810e-01
2.889999999999999680e+00 3.596808963433074241e-02 3.609725680705071493e-01 6.645154239624420089e-01 2.559246526981023839e-01
2.910000000000000142e+00 4.115928286295097299e-02 2.915449202792360639e-01 9.619512394826826851e-01 2.408917041665852299e-01
2.929999999999999716e+00 4.949247895513626122e-02 2.498790197246625600e-01 1.267084793249855679e+00 2.426767090570385865e-01
2.950000000000000178e+00 6.007599940449671883e-02 2.177039787943904903e-01 1.628345660049501431e+00 2.543776746054111637e-01
2.969999999999999751e+00 6.406763609242045743e-02 2.122416843237893702e-01 2.005382864825307809e+00 2.791109427826908851e-01
2.990000000000000213e+00 7.444516185123836727e-02 1.975303047623880870e-01 2.498832614757278137e+00 3.093764053701282268e-01
3.009999999999999787e+00 8.985463885627559266e-02 2.004097347783190541e-01 2.892568292641369165e+00 3.442244760046824226e-01
3.030000000000000249e+00 9.283028278130023292e-02 2.078060565863770748e-01 3.516523195057160933e+00 3.926658140769834215e-01
3.049999999999999822e+00 1.086555955188487077e-01 2.236449736993051940e-01 4.130339961020275119e+00 4.499710319380965107e-01
3.070000000000000284e+00 1.230934395792588204e-01 2.310423358054185528e-01 4.697978227604386881e+00 4.989544608039702678e-01
3.089999999999999858e+00 1.441026787890211103e-01 2.411851228223965971e-01 5.377515646582819109e+00 5.597379074599162507e-01
3.110000000000000320e+00 1.522937449199403825e-01 2.522499211631688554e-01 5.796600229178126007e+00 5.979851278896544109e-01
3.129999999999999893e+00 1.775444455587843473e-01 2.616578207686473534e-01 6.322479683448313459e+00 6.493587970887746419e-01
3.150000000000000355e+00 1.995509586877461383e-01 2.799233272120227878e-01 6.398008524565205413e+00 6.730471748591708714e-01
3.169999999999999929e+00 2.171909429667298330e-01 2.979562441916202564e-01 6.264018025061745654e+00 6.803843511708000946e-01
3.190000000000000391e+00 2.488901159257561335e-01 3.130698411005825021e-01 5.665104381759642038e+00 6.593483859606474873e-01
3.209999999999999964e+00 2.706036806411079576e-01 3.289928676842041599e-01 4.633121589262398921e+00 6.048426522998866517e-01
3.230000000000000426e+00 2.971709206359362532e-01 3.349536260165758561e-01 3.476008895018847245e+00 5.381359110096610721e-01
3.250000000000000000e+00 3.372862628003527319e-01 3.577135696552541377e-01 2.272459321042954450e+00 4.825813437309429688e-01
3.270000000000000462e+00 3.676312037168597002e-01 3.687177219461262867e-01 1.331140047741519394e+00 4.350430702474054612e-01
3.290000000000000036e+00 4.105557756256759117e-01 3.841054035265427102e-01 6.964497975319589029e-01 4.160300004893033865e-01
3.310000000000000497e+00 4.370431446825722710e-01 4.050791573245054455e-01 3.511493966635017561e-01 4.137407750644069848e-01
3.330000000000000071e+00 4.820247288057931123e-01 4.130999073137677224e-01 1.371012735867432053e-01 4.207009275806949944e-01
3.349999999999999645e+00 5.278267744190580091e-01 4.339892601660760851e-01 5.738212061490459426e-02 4.442787309969620790e-01
3.370000000000000107e+00 5.809139607457965981e-01 4.472672143050340776e-01 2.016757901457105068e-02 4.695005894317442752e-01
3.389999999999999680e+00 6.288881057942447006e-01 4.648240598228904341e-01 7.509973935308467477e-03 4.967636770475072905e-01
3.410000000000000142e+00 6.950404728036235769e-01 4.720194770636786386e-01 3.996536243659812998e-03 5.260912994380237961e-01
3.429999999999999716e+00 7.407783150707478725e-01 4.956626566370353482e-01 1.410737602496187071e-03 5.564879990575238855e-01
3.450000000000000178e+00 8.152527010362073945e-01 5.072931371538053069e-01 8.366571805725210023e-04 5.916550654199833614e-01
3.469999999999999751e+00 8.683236167571920516e-01 5.305464879591129668e-01 3.032481874538967784e-03 6.250170258707451465e-01
3.490000000000000213e+00 9.294620840267484585e-01 5.287754899671305298e-01 3.542884354888646732e-03 6.478126958875130015e-01
3.509999999999999787e+00 9.981806620066473457e-01 5.383938208663966440e-01 5.927518608312636918e-03 6.798598430989737373e-01
3.530000000000000249e+00 1.057361567522837387e+00 5.591489400341211891e-01 1.012275355945526679e-02 7.143754285788240788e-01
3.549999999999999822e+00 1.119165987645495575e+00 5.673531507150854081e-01 1.185278170017587882e-02 7.429271528703536021e-01
3.570000000000000284e+00 1.179262491231431120e+00 5.830222708015148081e-01 1.484577593731799955e-02 7.749546687023801672e-01
3.589999999999999858e+00 1.256240698204313277e+00 5.903880554502997091e-01 1.777152397254692234e-02 8.090216711836072383e-01
3.610000000000000320e+00 1.321511567849050106e+00 6.000387174789957312e-01 2.827307551317776932e-02 8.403116084020055832e-01
3.629999999999999893e+00 1.373746617550774207e+00 6.112678068100588780e-01 3.526787263688779817e-02 8.671570712945466664e-01
3.650000000000000355e+00 1.447247283042814692e+00 6.192877889305183903e-01 3.712487650398198918e-02 9.001556933161599661e-01
3.669999999999999929e+00 1.487584281465452740e+00 6.198267839439386417e-01 4.411490828070179643e-02 9.165834427831828224e-01
3.690000000000000391e+00 1.532510273055528893e+00 6.300692464843132834e-01 5.753389134080012790e-02 9.405031807624235629e-01
3.709999999999999964e+00 1.567219339400594658e+00 6.471095318068239566e-01 5.860341609207424945e-02 9.632912125879661280e-01
3.730000000000000426e+00 1.629310766139321132e+00 6.432306085095343962e-01 8.350545733617842359e-02 9.870043850527443485e-01
3.750000000000000000e+00 1.670517918184696748e+00 6.431741836334254891e-01 9.512769832251416480e-02 1.003767899163605426e+00
3.770000000000000462e+00 1.707024442084449589e+00 6.518409109122587086e-01 9.902563462085191281e-02 1.022905548630422601e+00
3.790000000000000036e+00 1.740589540942806712e+00 6.798166864137681342e-01 1.238656391324142875e-01 1.052832468457953974e+00
3.810000000000000497e+00 1.748832475660161867e+00 6.805302798293147992e-01 1.522960908488990572e-01 1.058389643511221223e+00
3.830000000000000071e+00 1.797314813172516956e+00 6.928459086220905006e-01 1.538777554872284015e-01 1.083993277056509275e+00
3.849999999999999645e+00 1.815025129043184471e+00 7.028540507112538416e-01 1.784848425734807398e-01 1.098002291502748085e+00
3.870000000000000107e+00 1.804846684811514557e+00 7.022572954072739959e-01 2.005816166462310035e-01 1.095261771019121921e+00
3.889999999999999680e+00 1.847757467612002991e+00 7.027324426432851601e-01 2.276997894377181253e-01 1.114049431821753089e+00
3.910000000000000142e+00 1.838239322237571027e+00 7.111947910809583995e-01 2.609849302028123819e-01 1.117257006582846435e+00
3.929999999999999716e+00 1.842143847193052020e+00 7.181593892834281512e-01 2.729499998174333975e-01 1.123381114987310747e+00
3.950000000000000178e+00 1.863586706570753426e+00 7.201599408347508779e-01 3.167852738265713453e-01 1.135826515149481075e+00
3.969999999999999751e+00 1.876449136398201212e+00 7.399858623643391642e-01 3.437190628656899283e-01 1.153443601304791954e+00
3.990000000000000213e+00 1.913772893684918985e+00 7.286765615520368611e-01 3.809405759941544845e-01 1.164369356551796519e+00
4.009999999999999787e+00 1.911038575413279705e+00 7.490362917512379815e-01 3.876781468675278841e-01 1.174824014431592456e+00
4.030000000000000249e+00 1.946995568516275865e+00 7.435618179993923604e-01 4.253304406972884810e-01 1.188415641146562951e+00
4.050000000000000711e+00 1.981290757636472000e+00 7.625953267244079958e-01 4.620195398160481526e-01 1.214595047174675146e+00
4.070000000000000284e+00 1.994279509429368380e+00 7.574234300407611808e-01 4.568887943628375803e-01 1.216472212923336516e+00
4.089999999999999858e+00 2.030533813503476726e+00 7.728539806154420821e-01 4.829903302697184930e-01 1.240722303886777400e+00
4.109999999999999432e+00 2.038232913488231546e+00 7.776814823331174020e-01 5.272316909917255101e-01 1.249397437035230540e+00
4.129999999999999893e+00 2.061743299938741281e+00 7.871960401399069607e-01 5.737092524925699877e-01 1.266905777974382419e+00
4.150000000000000355e+00 2.057530771908999689e+00 8.113805453777579446e-01 6.017293337298795786e-01 1.280338435691735555e+00
4.169999999999999929e+00 2.007346272640379681e+00 8.120155206356344246e-01 6.431220191646083162e-01 1.264082470350432752e+00
4.189999999999999503e+00 1.985345388811666556e+00 8.217243455894386317e-01 6.680055483128133353e-01 1.262540555109284091e+00
4.209999999999999964e+00 1.925371433234677632e+00 8.326639163621786244e-01 7.068091813654659994e-01 1.247898615800259403e+00
4.230000000000000426e+00 1.877293034939132355e+00 8.217939888353011924e-01 7.557963114205128452e-01 1.226743322566197669e+00
4.250000000000000000e+00 1.773567343383540607e+00 8.358550029318123631e-01 7.826980613393259567e-01 1.195994437540462974e+00
4.269999999999999574e+00 1.699097733116409215e+00 8.464766451608308762e-01 8.487523647144410432e-01 1.177445674099690365e+00
4.290000000000000036e+00 1.585309507674258933e+00 8.551959759528413585e-01 8.596148943142974952e-01 1.138781541086182791e+00
4.310000000000000497e+00 1.457070766491121327e+00 8.679166927700976419e-01 8.929338508898863047e-01 1.098239494442394992e+00
4.330000000000000071e+00 1.365873699433738375e+00 8.767812343913582440e-01 9.248937691878349465e-01 1.069882544855246032e+00
4.349999999999999645e+00 1.247475172635043705e+00 8.958840860112030624e-01 9.476338031393223282e-01 1.035888043621326249e+00
4.370000000000000107e+00 1.148694385972335086e+00 9.119070776132802703e-01 9.838254103962195130e-01 1.008766702413819383e+00
4.390000000000000568e+00 1.045930821883093609e+00 9.090426340376280834e-01 9.802210469059999820e-01 9.670907617584536542e-01
4.410000000000000142e+00 9.396034928032935829e-01 9.239007641315583053e-01 1.018799863495523983e+00 9.365748570176455345e-01
4.429999999999999716e+00 8.712193184280455638e-01 9.294471979346911050e-01 1.044465231528065141e+00 9.148320253041051231e-01
4.450000000000000178e+00 8.138718980522536839e-01 9.520805134570388129e-01 1.034930250465911028e+00 9.042023885877066292e-01
4.470000000000000639e+00 7.568906620836022281e-01 9.729018744133220986e-01 1.096627581302427101e+00 8.976717420843102202e-01
4.490000000000000213e+00 7.289635998542348672e-01 9.946736928611289441e-01 1.106638286661090431e+00 8.993450629185497647e-01
4.509999999999999787e+00 7.058665620277860819e-01 1.008147664742303551e+00 1.113491139868350910e+00 8.981705363246849094e-01
4.530000000000000249e+00 6.806003980673175358e-01 1.029392937183812640e+00 1.136032464795429853e+00 9.014595719901822291e-01
4.550000000000000711e+00 6.738285483337763671e-01 1.042770723162097513e+00 1.131198193574013633e+00 9.057563744832712871e-01
4.570000000000000284e+00 6.662747453690864852e-01 1.070100499018062257e+00 1.170590052395830583e+00 9.203881003586309451e-01
4.589999999999999858e+00 6.571329823560503325e-01 1.086122691091873760e+00 1.194758593827472071e+00 9.272118225430069360e-01
4.610000000000000320e+00 6.661647722872140465e-01 1.111394006379758936e+00 1.198159429827718281e+00 9.446655279727395049e-01
4.629999999999999893e+00 6.549636463316462764e-01 1.130266184877656954e+00 1.230568259920230112e+00 9.528082761390394007e-01
4.650000000000000355e+00 6.517211917765129980e-01 1.145280730451853524e+00 1.230291179764907872e+00 9.596787087891984758e-01
4.669999999999999929e+00 6.600777658656086233e-01 1.196792868623111739e+00 1.260414821959556120e+00 9.929634235884408078e-01
4.689999999999999503e+00 6.704943243530956387e-01 1.215544487752216352e+00 1.290282798383742380e+00 1.009252048830320492e+00
4.709999999999999964e+00 6.688896496170674277e-01 1.250057906227478366e+00 1.322741346147279451e+00 1.029609380518445860e+00
4.730000000000000426e+00 6.700699951642554719e-01 1.293107122691185884e+00 1.304902431767423598e+00 1.052190982243245365e+00
4.750000000000000000e+00 6.775698074034510743e-01 1.338183818410582981e+00 1.339838939533868123e+00 1.081984849146568672e+00
4.769999999999999574e+00 6.841546140540226695e-01 1.368710427636491422e+00 1.330085854852441463e+00 1.100428682258840718e+00
4.790000000000000036e+00 6.911124117944438261e-01 1.414342670651556055e+00 1.368770049819391543e+00 1.130573634516741199e+00
4.810000000000000497e+00 6.932681542035422639e-01 1.450274797129129878e+00 1.382375551686906068e+00 1.151852333802834139e+00
4.830000000000000071e+00 6.882145609071668169e-01 1.490900329598448204e+00 1.381764945670025835e+00 1.171894823816749254e+00
4.849999999999999645e+00 6.902058942263767927e-01 1.525762855934488904e+00 1.392265661917283293e+00 1.192313984660298587e+00
4.870000000000000107e+00 7.058575313635843118e-01 1.558568979305414937e+00 1.378474362048270674e+00 1.215232610927815315e+00
4.890000000000000568e+00 6.993319524464777226e-01 1.618690929780587373e+00 1.410255233964322841e+00 1.247530232070617195e+00
4.910000000000000142e+00 7.020798453065822953e-01 1.626390886989870443e+00 1.423711629823506630e+00 1.253708048385899110e+00
4.929999999999999716e+00 7.055113809428295024e-01 1.664642204253337310e+00 1.428572626368290521e+00 1.276133806367708123e+00
4.950000000000000178e+00 7.094404087548533688e-01 1.703374990113935006e+00 1.445772290491582623e+00 1.299869582731851159e+00
4.970000000000000639e+00 7.150976714519371447e-01 1.717813438525205516e+00 1.442222825468111758e+00 1.309653474223118064e+00
4.990000000000000213e+00 7.236744322331131185e-01 1.711736322829737533e+00 1.460013333668058300e+00 1.310917255413381444e+00
5.009999999999999787e+00 7.274961031602285022e-01 1.732712951028051895e+00 1.468878243555836738e+00 1.324397892077187722e+00
5.030000000000000249e+00 7.295286516323676862e-01 1.720863691958627983e+00 1.484509791065594886e+00 1.319840557569729844e+00
5.050000000000000711e+00 7.399667253756924135e-01 1.732218500084618862e+00 1.480454095764841771e+00 1.329770913775504049e+00
5.070000000000000284e+00 7.372072270768115221e-01 1.716674276005359268e+00 1.502630750035608420e+00 1.321803134037725203e+00
5.089999999999999858e+00 7.376392233871619242e-01 1.675055069131600849e+00 1.499814103776997198e+00 1.299190584243866908e+00
5.110000000000000320e+00 7.563475345143366724e-01 1.664733667504096237e+00 1.512758630315661490e+00 1.301746077076320285e+00
5.129999999999999893e+00 7.682148454021469064e-01 1.621002066445397238e+00 1.499851034673167938e+00 1.281724215212021178e+00
5.150000000000000355e+00 7.619155363262501979e-01 1.577647947626059866e+00 1.465070554512764911e+00 1.253341719189589476e+00
5.169999999999999929e+00 7.734806057055824136e-01 1.528674370133093596e+00 1.486543226475466106e+00 1.232742387457057776e+00
5.189999999999999503e+00 7.787450507668445265e-01 1.480345756590848438e+00 1.458718228575722975e+00 1.206629505251581191e+00
5.209999999999999964e+00 7.937808926880726146e-01 1.420178085350448205e+00 1.473465718070957831e+00 1.180835881019831612e+00
5.230000000000000426e+00 7.925150790259609668e-01 1.356880958362953749e+00 1.464159624599681297e+00 1.145350925075456550e+00
5.250000000000000000e+00 7.960628018329602984e-01 1.321994156689925148e+00 1.469283839994268703e+00 1.128151343791847783e+00
5.269999999999999574e+00 8.108585324609345335e-01 1.241521613433755666e+00 1.423491929337764583e+00 1.087047451984520130e+00
5.290000000000000036e+00 8.022478747410827227e-01 1.194164036075431756e+00 1.371350708591528855e+00 1.054391656529056753e+00
5.310000000000000497e+00 8.146402055247229379e-01 1.128735377798282036e+00 1.386586558859812301e+00 1.024751342885911409e+00
5.330000000000000071e+00 8.217999584567067251e-01 1.083240602120287610e+00 1.365567286031853067e+00 1.001383617706616214e+00
5.349999999999999645e+00 8.279892762587962585e-01 1.037784444092981095e+00 1.339024327149528792e+00 9.772772418931474636e-01
5.370000000000000107e+00 8.390998569300310850e-01 9.951612645756706677e-01 1.332752334664366600e+00 9.580234621593527455e-01
5.390000000000000568e+00 8.438816646845855862e-01 9.498560402043301210e-01 1.323679935737186453e+00 9.346645230746262190e-01
5.410000000000000142e+00 8.463300135274597347e-01 9.095871497859528976e-01 1.297806203865418784e+00 9.119679797887566552e-01
5.429999999999999716e+00 8.487757511792478615e-01 8.780467921059453840e-01 1.258429597994711990e+00 8.930705290515251749e-01
5.450000000000000178e+00 8.583431924450435346e-01 8.534817994535248697e-01 1.255356953419070942e+00 8.832392489077954822e-01
5.470000000000000639e+00 8.711319526101292121e-01 8.345493474494185548e-01 1.274483602990883480e+00 8.792539263715577480e-01
5.490000000000000213e+00 8.709639494637384516e-01 8.125380808846579539e-01 1.250016226903984062e+00 8.655473592519933312e-01
5.509999999999999787e+00 8.965239417793465782e-01 7.856850569378803772e-01 1.251563713716659754e+00 8.609998918646601940e-01
5.530000000000000249e+00 9.050845004469539878e-01 7.718170288043733063e-01 1.237642607752966084e+00 8.558303222229736162e-01
5.550000000000000711e+00 9.202339261380234614e-01 7.617113269227490102e-01 1.218932100424180431e+00 8.549266692155207403e-01
5.570000000000000284e+00 9.385130877771795666e-01 7.579094348951572746e-01 1.220893532604713450e+00 8.600917803188226074e-01
5.589999999999999858e+00 9.596147422398375593e-01 7.437054088029116938e-01 1.202399874623647724e+00 8.592886198957150334e-01
5.610000000000000320e+00 9.761205303666514732e-01 7.493021721664316903e-01 1.186142411680851660e+00 8.676023539588988420e-01
5.629999999999999893e+00 9.872888436525253386e-01 7.484387741579088260e-01 1.169352132402450062e+00 8.703026007841238032e-01
5.650000000000000355e+00 1.015614213592953785e+00 7.444752700131824774e-01 1.133740326692328937e+00 8.766720550566309278e-01
5.669999999999999929e+00 1.017057749844241687e+00 7.420203060080345914e-01 1.135668454154647122e+00 8.760336634163879976e-01
5.689999999999999503e+00 1.041345172704849276e+00 7.366081072486759806e-01 1.098991203507350134e+00 8.799763902029464901e-01
5.709999999999999964e+00 1.052694369223720283e+00 7.475939701839772189e-01 1.119405651936923540e+00 8.917571251323115344e-01
5.730000000000000426e+00 1.070532678722365016e+00 7.428392262460231654e-01 1.089362730561537873e+00 8.940145208593172077e-01
5.750000000000000000e+00 1.078584970906871554e+00 7.519121747523305199e-01 1.075974600503485146e+00 9.011337176478056987e-01
5.769999999999999574e+00 1.106241493292857703e+00 7.574517585945192977e-01 1.061250035340274289e+00 9.138491434285345161e-01
5.790000000000000036e+00 1.110692271245110163e+00 7.596046944533521028e-01 1.045316660280784404e+00 9.156392858705131310e-01
5.810000000000000497e+00 1.121914583882028138e+00 7.685936004577028635e-01 1.033903929786628373e+00 9.240798230782767408e-01
5.830000000000000071e+00 1.131418841475608783e+00 7.705318778189196305e-01 1.008071237092035721e+00 9.270276483878419072e-01
5.849999999999999645e+00 1.137784502538970566e+00 7.793124260479835641e-01 9.844099585488810256e-01 9.326212975976361230e-01
5.870000000000000107e+00 1.137293772793692925e+00 7.811398548725304591e-01 9.402386364377994799e-01 9.303591435955176348e-01
5.890000000000000568e+00 1.139773547263862374e+00 7.889764714028705272e-01 9.163542026650445260e-01 9.339173905918934926e-01
5.910000000000000142e+00 1.150794547648603006e+00 7.919849998207642017e-01 8.989483546294604333e-01 9.386189048230543230e-01
5.929999999999999716e+00 1.146726568166498872e+00 7.971769730133423382e-01 8.817560811033310353e-01 9.386656637016715932e-01
5.950000000000000178e+00 1.155509249731722310e+00 8.049301577550991293e-01 8.635553455749396257e-01 9.450183030689548458e-01
5.970000000000000639e+00 1.158118166517191794e+00 8.017812795596915842e-01 8.012457497374214643e-01 9.400004349169992501e-01
5.990000000000000213e+00 1.156017669429037609e+00 8.019175830187585952e-01 7.741631673628256438e-01 9.373811625670868120e-01
6.009999999999999787e+00 1.164464961011986377e+00 8.016667170032206746e-01 7.724195404708188439e-01 9.404015952228980124e-01
6.030000000000000249e+00 1.175810372899671163e+00 8.160766222902917644e-01 7.291443893204194726e-01 9.496218640662663635e-01
6.050000000000000711e+00 1.174397486604525476e+00 8.177863924366345350e-01 7.124513334052897662e-01 9.488437728321691411e-01
6.070000000000000284e+00 1.190838435612909363e+00 8.156945979754336440e-01 6.992054091989552411e-01 9.531689844153745650e-01
6.089999999999999858e+00 1.189585658559520365e+00 8.294543470855152423e-01 6.880868648927370712e-01 9.593785899936264627e-01
6.110000000000000320e+00 1.210619535711409123e+00 8.337916704614172225e-01 6.857235716866297848e-01 9.697293549210096453e-01
6.130000000000000782e+00 1.217131744754119893e+00 8.331741936446697139e-01 6.845248046812676401e-01 9.718378336352205826e-01
6.150000000000000355e+00 1.226802966265486683e+00 8.410821066069530394e-01 6.715667845522412804e-01 9.789827825538345296e-01
6.169999999999999929e+00 1.231571261249154059e+00 8.506576513394648043e-01 6.935531311025910917e-01 9.875538737623037466e-01
6.189999999999999503e+00 1.227589119110957139e+00 8.427005122704346318e-01 6.863929845247787043e-01 9.811942803985044259e-01
6.209999999999999964e+00 1.227247830895870750e+00 8.492242534494335304e-01 6.880902779317628060e-01 9.847197079162585132e-01
6.230000000000000426e+00 1.242044757719485748e+00 8.562670371856219154e-01 6.766664800452097950e-01 9.934903330967228552e-01
6.250000000000000000e+00 1.245325432548563871e+00 8.585923908024737372e-01 6.676689758292748689e-01 9.954010703017719397e-01
6.269999999999999574e+00 1.244190568915647610e+00 8.667179140005696336e-01 6.770105686408892653e-01 1.000017964319464880e+00
6.290000000000000036e+00 1.237822145546480845e+00 8.692484047130725200e-01 6.821928264776788708e-01 9.992796448081719962e-01
6.310000000000000497e+00 1.240158893186774414e+00 8.709999688460103862e-01 6.717892078450491411e-01 1.000415257348704845e+00
6.330000000000000071e+00 1.229000126110676883e+00 8.778276460659752978e-01 6.816341509336647508e-01 1.000473572687723189e+00
6.349999999999999645e+00 1.238825796291707082e+00 8.804154689763588060e-01 6.751244546226062848e-01 1.005238690686292680e+00
6.370000000000000107e+00 1.234187965323678027e+00 8.903365350788109422e-01 6.569846752623632602e-01 1.007564898623155569e+00
6.390000000000000568e+00 1.224828089751027527e+00 8.903812864964079088e-01 6.690561961073213659e-01 1.004794811507711216e+00
6.410000000000000142e+00 1.227860835024266795e+00 8.983052005029167342e-01 6.593940280598786785e-01 1.009601337032456803e+00
6.429999999999999716e+00 1.220053744028689380e+00 9.028217061184575787e-01 6.688668415894060137e-01 1.009680105723907317e+00
6.450000000000000178e+00 1.216029929567820966e+00 9.109752116635414509e-01 6.711882003559273002e-01 1.012704416591445389e+00
6.470000000000000639e+00 1.201624764259347167e+00 9.112397121777997544e-01 6.749747578695062256e-01 1.007521451580150051e+00
6.490000000000000213e+00 1.206307626767388230e+00 9.138085164567630869e-01 6.653044562150876029e-01 1.010061676965650079e+00
6.509999999999999787e+00 1.193091324605980219e+00 9.186196177784400341e-01 6.651391123291635621e-01 1.007533136389167083e+00
6.530000000000000249e+00 1.177775975587991741e+00 9.332606684514781481e-01 6.744605606592657399e-01 1.010182376531537418e+00
6.550000000000000711e+00 1.161174432687898106e+00 9.323477674866215148e-01 6.800194625372848467e-01 1.003631228047765278e+00
6.570000000000000284e+00 1.153212047505414839e+00 9.412528113133102892e-01 6.844216606293805905e-01 1.005679537768099152e+00
6.589999999999999858e+00 1.135158898292553564e+00 9.413573404020884050e-01 6.937262628333114023e-01 9.993770637950851743e-01
6.610000000000000320e+00 1.122051135737497152e+00 9.429058599524731132e-01 7.057928804253061905e-01 9.959685072962777275e-01
6.630000000000000782e+00 1.103662384602016600e+00 9.455135683890317777e-01 7.107540447399370853e-01 9.905929510963620288e-01
6.650000000000000355e+00 1.091385367450445010e+00 9.447513940111187392e-01 7.378612536005003664e-01 9.872959221325534607e-01
6.669999999999999929e+00 1.072949413281331532e+00 9.454362930436586154e-01 7.470224457692106190e-01 9.811499164341730417e-01
6.689999999999999503e+00 1.050412380119780664e+00 9.547736966603919129e-01 7.466418196088917547e-01 9.774462798404830455e-01
6.709999999999999964e+00 1.032824599074184224e+00 9.660474643314158616e-01 7.649050764076423814e-01 9.780067045965276096e-01
6.730000000000000426e+00 1.017552380616537633e+00 9.683759650814026676e-01 7.920261142894229334e-01 9.752256833517203294e-01
6.750000000000000000e+00 1.009108958632129127e+00 9.719349028858260686e-01 8.158257251290580436e-01 9.755315390622320004e-01
6.769999999999999574e+00 9.882179170719632699e-01 9.810297583831347756e-01 8.144165688249492829e-01 9.722635847159698530e-01
6.790000000000000036e+00 9.696611051501597967e-01 9.911167313189517269e-01 8.265455987172195540e-01 9.713785861970903879e-01
6.810000000000000497e+00 9.508933562696478825e-01 9.970243888715137892e-01 8.507578797607102672e-01 9.689818345747767125e-01
6.830000000000000071e+00 9.292509048541460759e-01 1.003148375157464134e+00 8.726092232350404210e-01 9.654233712705165837e-01
6.849999999999999645e+00 9.091356901933165258e-01 1.018345161780588759e+00 8.745954314062812651e-01 9.660031471103791567e-01
6.870000000000000107e+00 8.902408483009918161e-01 1.025875497108913015e+00 8.918057282263101015e-01 9.639520275703542529e-01
6.890000000000000568e+00 8.855345484198628991e-01 1.046254777374838962e+00 9.204091249659992480e-01 9.751686402776331697e-01
6.910000000000000142e+00 8.636615955679386447e-01 1.049713904354986793e+00 9.192600388943998890e-01 9.684794984838871468e-01
6.929999999999999716e+00 8.512015878574031857e-01 1.062170328948573106e+00 9.270252290981315646e-01 9.709431649442685774e-01
6.950000000000000178e+00 8.378740272298873526e-01 1.072662242205048688e+00 9.570205420003208285e-01 9.735459038167796342e-01
6.970000000000000639e+00 8.214567010575141159e-01 1.080112471970048782e+00 9.553625647600209048e-01 9.711040019070178442e-01
6.990000000000000213e+00 8.168815631525896404e-01 1.096037113967126553e+00 9.990222377044936097e-01 9.809983768960468531e-01
7.009999999999999787e+00 8.044924468127423456e-01 1.110783212752595173e+00 1.017850639285813985e+00 9.854993162967295994e-01
7.030000000000000249e+00 8.066045600815247019e-01 1.126452250572674618e+00 1.015224242287638079e+00 9.946395153686680146e-01
7.050000000000000711e+00 7.923505836842091865e-01 1.123760031078592680e+00 1.027504528825148089e+00 9.884998013379970860e-01
7.070000000000000284e+00 7.786598142903217168e-01 1.134494781555080767e+00 1.043083064587798425e+00 9.900935469377726283e-01
7.089999999999999858e+00 7.764191339168927675e-01 1.138982486154412666e+00 1.065403355796402218e+00 9.932074278072448026e-01
7.110000000000000320e+00 7.738629887414290032e-01 1.148720572329187561e+00 1.080364672260896608e+00 9.985376824571157162e-01
7.130000000000000782e+00 7.726128581522647698e-01 1.157809258190696911e+00 1.090505585801899269e+00 1.003687952822634566e+00
7.150000000000000355e+00 7.676635159529101582e-01 1.162703995626209963e+00 1.093179078859249698e+00 1.004609204067321793e+00
7.169999999999999929e+00 7.763652792503024092e-01 1.172724008155841879e+00 1.111431587627441875e+00 1.014688693439594225e+00
7.189999999999999503e+00 7.693071441974003166e-01 1.180800745198071322e+00 1.119190678854910859e+00 1.016871173030245323e+00
7.209999999999999964e+00 7.728672831543415001e-01 1.175679696006687980e+00 1.139170680503445388e+00 1.016859200054398782e+00
7.230000000000000426e+00 7.788846417011277001e-01 1.183186446972062766e+00 1.156690208192576064e+00 1.024482493322764975e+00
7.250000000000000000e+00 7.821399619912960954e-01 1.183677419668418329e+00 1.172609997113797764e+00 1.027116049385555341e+00
7.269999999999999574e+00 7.808414464730365490e-01 1.182339438223896533e+00 1.169056136787846922e+00 1.025639702525450003e+00
7.290000000000000036e+00 7.895391586017908025e-01 1.181185684389764345e+00 1.156903943326796469e+00 1.027545475509380024e+00
7.310000000000000497e+00 7.947756571559743133e-01 1.170227447753368288e+00 1.188288766104823146e+00 1.025807306032644917e+00
7.330000000000000071e+00 7.979972177188023874e-01 1.164946815105155187e+00 1.186879150667434102e+00 1.024093933495863640e+00
7.349999999999999645e+00 8.123243428272094446e-01 1.160197814729499122e+00 1.201750307067911860e+00 1.028107057896352483e+00
7.370000000000000107e+00 8.098618283938777695e-01 1.160754082633279172e+00 1.213876056247177315e+00 1.028294437371347847e+00
7.390000000000000568e+00 8.151029700291325675e-01 1.153704776131911247e+00 1.206645973118945392e+00 1.026001204003008205e+00
7.410000000000000142e+00 8.253086344804323460e-01 1.146321607109662688e+00 1.213138855320294862e+00 1.026404729383523229e+00
7.429999999999999716e+00 8.303869764415044985e-01 1.139527240209055936e+00 1.210344637855977012e+00 1.024494315524670185e+00
7.450000000000000178e+00 8.388976720757728156e-01 1.132295804557332808e+00 1.202897954156167071e+00 1.023355791965879558e+00
7.470000000000000639e+00 8.472162086448368212e-01 1.129512551723342195e+00 1.193074587879570769e+00 1.024391704904378031e+00
7.490000000000000213e+00 8.578008474870923994e-01 1.123444118093124722e+00 1.208367718524644419e+00 1.026266039808078290e+00
7.509999999999999787e+00 8.573579468757174249e-01 1.120720110137974679e+00 1.190640049789477350e+00 1.023386536612056252e+00
7.530000000000000249e+00 8.635961734979104021e-01 1.115872335965854001e+00 1.176244742427550838e+00 1.022177905167818146e+00
7.550000000000000711e+00 8.768462454672626416e-01 1.095060563470065196e+00 1.168274240515638329e+00 1.015472478464565897e+00
7.570000000000000284e+00 8.806907580629432797e-01 1.096146107869084396e+00 1.184294831774850065e+00 1.018664274655979751e+00
7.589999999999999858e+00 8.886457440140884678e-01 1.084225884176504451e+00 1.191199303992818814e+00 1.015761047349375223e+00
7.610000000000000320e+00 8.948857983776113967e-01 1.074765725151576978e+00 1.182825513871602174e+00 1.012467807644405138e+00
7.630000000000000782e+00 8.971425366737407758e-01 1.068582759254656178e+00 1.168536100963925461e+00 1.008997183038800483e+00
7.650000000000000355e+00 9.114308025377118039e-01 1.055373767556152975e+00 1.172246776883509201e+00 1.007630371141651660e+00
7.669999999999999929e+00 9.184343404780624942e-01 1.049820613243508838e+00 1.154292025751657347e+00 1.006089039893708126e+00
7.689999999999999503e+00 9.296328622040609391e-01 1.033477368744984970e+00 1.162160358607184030e+00 1.002110960332523559e+00
7.709999999999999964e+00 9.337228112147551995e-01 1.028904351297020181e+00 1.156808908386153245e+00 1.000845128454792121e+00
7.730000000000000426e+00 9.321611019257878272e-01 1.016142957783968681e+00 1.129553878064753158e+00 9.914239587682537325e-01
7.750000000000000000e+00 9.486060815598621465e-01 1.009412923760147018e+00 1.147495991460589115e+00 9.953967612271877874e-01
7.769999999999999574e+00 9.506154632876736565e-01 9.968830194550918344e-01 1.163919068934136991e+00 9.905159784999488792e-01
7.790000000000000036e+00 9.650223695218799191e-01 9.842084933235917266e-01 1.141813679934231995e+00 9.876948055290407646e-01
7.810000000000000497e+00 9.683445104568617623e-01 9.727117544028632823e-01 1.141687361285535829e+00 9.827362646761252929e-01
7.830000000000000071e+00 9.763035145995455633e-01 9.625377000150882045e-01 1.143388288670874164e+00 9.804212800818251639e-01
7.849999999999999645e+00 9.743785590862698021e-01 9.554980723151313970e-01 1.141825044473099515e+00 9.757459143309968885e-01
7.870000000000000107e+00 9.872390420162546754e-01 9.381336705060070447e-01 1.122737711070315836e+00 9.699890723225531586e-01
7.890000000000000568e+00 9.920383800237604355e-01 9.357564853146803641e-01 1.107668212971784971e+00 9.695160790402096440e-01
7.910000000000000142e+00 9.957420798154527075e-01 9.274228330205223081e-01 1.102126991200064632e+00 9.660465012693528752e-01
7.929999999999999716e+00 1.004265343634912266e+00 9.203753186748311332e-01 1.095888506022491882e+00 9.650964519020132082e-01
7.950000000000000178e+00 1.007359495262923454e+00 9.140171424283133339e-01 1.092534884605744550e+00 9.626140897773917127e-01
7.970000000000000639e+00 1.010619009494802878e+00 9.093441596220865897e-01 1.071799365784009694e+00 9.599048764000071010e-01
7.990000000000000213e+00 1.022490658726644686e+00 9.124798723601310613e-01 1.066440377349495039e+00 9.658409399486573843e-01
8.009999999999999787e+00 1.021710984273128009e+00 9.079029892530724455e-01 1.058896799216037410e+00 9.625315987456286582e-01
8.030000000000001137e+00 1.027142518228549184e+00 8.993578037379932333e-01 1.049046998444374212e+00 9.593188065865496661e-01
8.050000000000000711e+00 1.034748574050319281e+00 9.019633959071079454e-01 1.036464575002309818e+00 9.628112097566783323e-01
8.070000000000000284e+00 1.051938324296120442e+00 8.917385906334936996e-01 1.024962279421495870e+00 9.631344683075891977e-01
8.089999999999999858e+00 1.048404609906488538e+00 8.934592234585991832e-01 9.998161712102273668e-01 9.609531599881020458e-01
8.109999999999999432e+00 1.054355810883711664e+00 8.945085809658543941e-01 9.992312905970972547e-01 9.637910601496119112e-01
8.130000000000000782e+00 1.060436717272428053e+00 8.917576983461052986e-01 9.864364093043039849e-01 9.637702699812240592e-01
8.150000000000000355e+00 1.069356328250092636e+00 8.851124997064889754e-01 9.701067877367416381e-01 9.624924678050654769e-01
8.169999999999999929e+00 1.075366239105633781e+00 8.929060684027773087e-01 9.559639851242878184e-01 9.680726354088391439e-01
8.189999999999999503e+00 1.082071821122949640e+00 8.910371890546289197e-01 9.555072018587231764e-01 9.696285220810059169e-01
8.210000000000000853e+00 1.092651435931446091e+00 8.820966707250821326e-01 9.389890558273279453e-01 9.677361515663884806e-01
8.230000000000000426e+00 1.093130225660049026e+00 8.889516666815046042e-01 9.255604596144714202e-01 9.707104940469712950e-01
8.250000000000000000e+00 1.100285276749318530e+00 8.879510189249198993e-01 9.275160299292364297e-01 9.730792248400896849e-01
8.269999999999999574e+00 1.104324984035570223e+00 8.902742765171773875e-01 9.152211760499598947e-01 9.750546428670450183e-01
8.289999999999999147e+00 1.112056267717527636e+00 8.919610433632007007e-01 9.161718802990884702e-01 9.790355930845811017e-01
8.310000000000000497e+00 1.118450632520283428e+00 8.987886635735840013e-01 9.090753666436849345e-01 9.847294321801649541e-01
8.330000000000000071e+00 1.118252890011045997e+00 8.961044302615708279e-01 9.042369176171369816e-01 9.828605390402794795e-01
8.349999999999999645e+00 1.116187445054294791e+00 9.014339280503318452e-01 9.045761399047377305e-01 9.849747584301875580e-01
8.370000000000000995e+00 1.115905773978804305e+00 9.021773319651152923e-01 9.045701239224819279e-01 9.852684656543843067e-01
8.390000000000000568e+00 1.122546089530072067e+00 9.086564907909118194e-01 8.937079149654554300e-01 9.906074756964223793e-01
8.410000000000000142e+00 1.121038324710679213e+00 9.105935772931196270e-01 8.906825192886815845e-01 9.908638200396949758e-01
8.429999999999999716e+00 1.123233977536305384e+00 9.187495285339531970e-01 8.822106763308602551e-01 9.955540279033967543e-01
8.449999999999999289e+00 1.121619068809236897e+00 9.204026580337999475e-01 8.893828116547991547e-01 9.963219405387757632e-01
8.470000000000000639e+00 1.123037541742857082e+00 9.261595267822713140e-01 8.798203183256257942e-01 9.993330968613658438e-01
8.490000000000000213e+00 1.129599559938026410e+00 9.205577293331775879e-01 8.792720541363395759e-01 9.988012552778159359e-01
8.509999999999999787e+00 1.122806617582156052e+00 9.320606977345001765e-01 8.844945368978054390e-01 1.002769963616482851e+00
8.530000000000001137e+00 1.123466924184971294e+00 9.324967079647857870e-01 8.782075160627262900e-01 1.002826736704354404e+00
8.550000000000000711e+00 1.123541172392874321e+00 9.364375622832549206e-01 8.749664999884128047e-01 1.004769289555276890e+00
8.570000000000000284e+00 1.126913119531473884e+00 9.427721147788350464e-01 8.799718629278706628e-01 1.009862187929609911e+00
8.589999999999999858e+00 1.130556421049622395e+00 9.472606384058348539e-01 8.817721525588122500e-01 1.013836333920910437e+00
8.609999999999999432e+00 1.124123627442197515e+00 9.500293758166977742e-01 8.787102864966065408e-01 1.012630569636849831e+00
8.630000000000000782e+00 1.123966913813166268e+00 9.531188619306092402e-01 8.735279381324547732e-01 1.013886875428933187e+00
8.650000000000000355e+00 1.122513068145039261e+00 9.561141949086666703e-01 8.845769868586365048e-01 1.015714506896720160e+00
8.669999999999999929e+00 1.121811375108312969e+00 9.542142085218258130e-01 8.814279546976567792e-01 1.014192825088346517e+00
8.690000000000001279e+00 1.122082278995122140e+00 9.583436301426588866e-01 8.765402407428107834e-01 1.016199802264971863e+00
8.710000000000000853e+00 1.121966949923277390e+00 9.587934358447585126e-01 8.719943586701893734e-01 1.016083873393669457e+00
8.730000000000000426e+00 1.122374444355660694e+00 9.604921537938903020e-01 8.906955921135951693e-01 1.018460781439133100e+00
8.750000000000000000e+00 1.116718343608496200e+00 9.658614318336091742e-01 8.887962900948934708e-01 1.019048189174830199e+00
8.769999999999999574e+00 1.110735258418602323e+00 9.714415366624786774e-01 8.919977199862324513e-01 1.019976886353233025e+00
8.789999999999999147e+00 1.114074842035690738e+00 9.714832294904675036e-01 8.935282789139963322e-01 1.021401395829755421e+00
8.810000000000000497e+00 1.110690282811462204e+00 9.758019613703136086e-01 8.994408015944191925e-01 1.022841837224276018e+00
8.830000000000000071e+00 1.105174941932458132e+00 9.788050693876366726e-01 8.972441889605359266e-01 1.022179228417242403e+00
8.849999999999999645e+00 1.096593599712027967e+00 9.788679507907999122e-01 8.952701315136430971e-01 1.018746941774147041e+00
8.870000000000000995e+00 1.094565156882844281e+00 9.940246012912427043e-01 9.243149357535911381e-01 1.028199078210601414e+00
8.890000000000000568e+00 1.086138674939276738e+00 9.926651641328165798e-01 9.256208632454598906e-01 1.024282526724042519e+00
8.910000000000000142e+00 1.082647925881559559e+00 9.938584820948047627e-01 9.372753340823604118e-01 1.024383971152727391e+00
8.929999999999999716e+00 1.075212669760370110e+00 1.002492570107968106e+00 9.491908599735088270e-01 1.027010840279495518e+00
8.949999999999999289e+00 1.066962749829621693e+00 1.011215761735425378e+00 9.508378679214545270e-01 1.028657824889563033e+00
8.970000000000000639e+00 1.058043353908186379e+00 1.014694363154410306e+00 9.636409479197706185e-01 1.027972768302462425e+00
8.990000000000000213e+00 1.052447630376674770e+00 1.016150313615552081e+00 9.608366939855188527e-01 1.026397258960835002e+00
9.009999999999999787e+00 1.043865265061393544e+00 1.021508771552219752e+00 9.597651863691338825e-01 1.025900834371183956e+00
9.030000000000001137e+00 1.038177790205988327e+00 1.022606649935277945e+00 9.728604187959105642e-01 1.025198094630598744e+00
9.050000000000000711e+00 1.029906078242918133e+00 1.027565520778048747e+00 9.886676848142670337e-01 1.025775958194338200e+00
9.070000000000000284e+00 1.028274295154956164e+00 1.031653657182119987e+00 9.888315920916418422e-01 1.027372647416675555e+00
9.089999999999999858e+00 1.013369634602747427e+00 1.038367424697160146e+00 1.000915934435181454e+00 1.026071077094949047e+00
9.109999999999999432e+00 1.012414777007949462e+00 1.035713045933356335e+00 1.013204718314862252e+00 1.025112454714661725e+00
9.130000000000000782e+00 1.002906779774936696e+00 1.031558699212217878e+00 1.021473781078108933e+00 1.019742529058276892e+00
9.150000000000000355e+00 9.921042885492686869e-01 1.040246983991254481e+00 1.019907512908908354e+00 1.020157340528203171e+00
9.169999999999999929e+00 9.834785878445159168e-01 1.042306703464817463e+00 1.034530062782247795e+00 1.018942459852054228e+00
9.190000000000001279e+00 9.810990026559112120e-01 1.043906318025038082e+00 1.039111266413627943e+00 1.019204954144495634e+00
9.210000000000000853e+00 9.737413078018762880e-01 1.045041974441014654e+00 1.037733851776437621e+00 1.016870958750681009e+00
9.230000000000000426e+00 9.640028666799846935e-01 1.054242979821363058e+00 1.036787206640302106e+00 1.018019816938728672e+00
9.250000000000000000e+00 9.568708588744049282e-01 1.053597663345957614e+00 1.053064225639556817e+00 1.016031323548451715e+00
9.269999999999999574e+00 9.543591496666006257e-01 1.059717695812440352e+00 1.043967027731426134e+00 1.017746937650532368e+00
9.289999999999999147e+00 9.464177889038162261e-01 1.057150189458713863e+00 1.044630774251829708e+00 1.013318509420057634e+00
9.310000000000000497e+00 9.378560134232282186e-01 1.056969356791662706e+00 1.043134554029233163e+00 1.009794701648612403e+00
9.330000000000000071e+00 9.361751514793783535e-01 1.065055222688935377e+00 1.044082062199178429e+00 1.013596076588450412e+00
9.349999999999999645e+00 9.294500559095414394e-01 1.060067054186757174e+00 1.045011926333002439e+00 1.008344425690574475e+00
9.370000000000000995e+00 9.240876196117036034e-01 1.072597988035686178e+00 1.039572578967878469e+00 1.012686559693395161e+00
9.390000000000000568e+00 9.251153619226879510e-01 1.068974927781785711e+00 1.045087745698017878e+00 1.011501743082720228e+00
9.410000000000000142e+00 9.116371501424023194e-01 1.071717687198371793e+00 1.033714843233618286e+00 1.006971911658524732e+00
9.429999999999999716e+00 9.116844505689097877e-01 1.076657966758986618e+00 1.028065529899515607e+00 1.009279328077199001e+00
9.449999999999999289e+00 9.111935016357899375e-01 1.081268086990317734e+00 1.018626147318431041e+00 1.010935892389426716e+00
9.470000000000000639e+00 9.071822451792128650e-01 1.078315882911338175e+00 1.028393422893774778e+00 1.008454917696616882e+00
9.490000000000000213e+00 9.074169173887641771e-01 1.083496914488410789e+00 1.029702627865995312e+00 1.011448272449069208e+00
9.509999999999999787e+00 9.078159329681615430e-01 1.079146278852182617e+00 1.022182976193227955e+00 1.008720688396608889e+00
9.530000000000001137e+00 9.043202498194483629e-01 1.080094814291275407e+00 1.031785820042559365e+00 1.008545099718841875e+00
9.550000000000000711e+00 9.024654933484824726e-01 1.088123232921010208e+00 1.032527820806319774e+00 1.012233578223908470e+00
9.570000000000000284e+00 9.027567441999085895e-01 1.082148273073438416e+00 1.047788606567305214e+00 1.010162629064377260e+00
9.589999999999999858e+00 8.996268955838254699e-01 1.081537409274597072e+00 1.048548081990199110e+00 1.008669453421662254e+00
9.609999999999999432e+00 9.038836270016096242e-01 1.084282947964770205e+00 1.070750303146553284e+00 1.013350704638870114e+00
9.630000000000000782e+00 9.047236747307519922e-01 1.082477362305320989e+00 1.074289453317668341e+00 1.012942280450672472e+00
9.650000000000000355e+00 9.017527097511726097e-01 1.084749961403908447e+00 1.073191771221605029e+00 1.012946673008907839e+00
9.669999999999999929e+00 9.021798019801579027e-01 1.079859294154356997e+00 1.091227728771766214e+00 1.011709291409950140e+00
9.690000000000001279e+00 8.964090470027502588e-01 1.074239646994294084e+00 1.092101365725118178e+00 1.006481344406872314e+00
9.710000000000000853e+00 9.030973163162270279e-01 1.073013925560267312e+00 1.087783159971637437e+00 1.008111724545905696e+00
9.730000000000000426e+00 9.061029073418236379e-01 1.069273483423781368e+00 1.095552580232468376e+00 1.007786941433223893e+00
9.750000000000000000e+00 9.139037412989863274e-01 1.069055247594782321e+00 1.098989108793695602e+00 1.010933519313043538e+00
9.769999999999999574e+00 9.125480301453756660e-01 1.067447502851257113e+00 1.107952449999301425e+00 1.010156698795657393e+00
9.789999999999999147e+00 9.105204002906350791e-01 1.058977825008999840e+00 1.112123262599185258e+00 1.005063148277921092e+00
9.810000000000000497e+00 9.171593560698332315e-01 1.049352407297273526e+00 1.107006858732802801e+00 1.002060910997728760e+00
9.830000000000000071e+00 9.309078677866263751e-01 1.048264351141986461e+00 1.098796773246848213e+00 1.006235408221510585e+00
9.849999999999999645e+00 9.267635786946840648e-01 1.048066010334598452e+00 1.091944269699480774e+00 1.004044579848784924e+00
9.870000000000000995e+00 9.392991398192658270e-01 1.039802035157614712e+00 1.108751894020862272e+00 1.005589475261676524e+00
9.890000000000000568e+00 9.353088586076455657e-01 1.036372883097030462e+00 1.104781146147560067e+00 1.001905047581475694e+00
9.910000000000000142e+00 9.457503711052946960e-01 1.035988018532842503e+00 1.084507970918738184e+00 1.004341429187043833e+00
9.929999999999999716e+00 9.485511024626105403e-01 1.029361583403147096e+00 1.090714260559626059e+00 1.002262659153162039e+00
9.949999999999999289e+00 9.544566407859573776e-01 1.027742267090256512e+00 1.086367415251330293e+00 1.003373773000371560e+00
9.970000000000000639e+00 9.544882249048513012e-01 1.019440410175078027e+00 1.069824271114129033e+00 9.977336764133513114e-01
9.990000000000000213e+00 9.596423933829973940e-01 1.017923739002204231e+00 1.077053236605026276e+00 9.994117822456101141e-01
1.000999999999999979e+01 9.704706667697710065e-01 1.018787977783227827e+00 1.065233552031336517e+00 1.003262330301549543e+00
1.003000000000000114e+01 9.696563928708435975e-01 1.010084864486353817e+00 1.056172167264533002e+00 9.975951859862614013e-01
1.005000000000000071e+01 9.760465375784062037e-01 1.005058030689979454e+00 1.064132693808703012e+00 9.978987753024481933e-01
1.007000000000000028e+01 9.826483766387802410e-01 1.000144959851386739e+00 1.064296370423707394e+00 9.978054992749807450e-01
1.008999999999999986e+01 9.827018900190884754e-01 1.005085116406105872e+00 1.046322094662449631e+00 9.992604859676581519e-01
1.010999999999999943e+01 9.863683602661925676e-01 9.983276371939152627e-01 1.043193193407490060e+00 9.967990813624085789e-01
1.013000000000000078e+01 9.913002440862436204e-01 9.893755462718161198e-01 1.030408809760913869e+00 9.929680973646718423e-01
1.015000000000000036e+01 9.937690966156823569e-01 9.862939385829245786e-01 1.034697197870469099e+00 9.925511621876593749e-01
1.016999999999999993e+01 9.971496268228642323e-01 9.831807543641333247e-01 1.048154866466834090e+00 9.931067340835108004e-01
1.019000000000000128e+01 9.942462333876447289e-01 9.765918792254060232e-01 1.030969527808417441e+00 9.872129039423784835e-01
1.021000000000000085e+01 1.003649284842979661e+00 9.736850896563925550e-01 1.025819923417540025e+00 9.889267032065958141e-01
1.023000000000000043e+01 1.000957877057893519e+00 9.739812574131898604e-01 1.025238420665207872e+00 9.880028427963420956e-01
1.025000000000000000e+01 1.005807293389727741e+00 9.648445279660590179e-01 1.020167167577971101e+00 9.845745962050590494e-01
1.026999999999999957e+01 1.005465715862210896e+00 9.636945761546197309e-01 1.015788513996767062e+00 9.835143678651548926e-01
1.028999999999999915e+01 1.011373462091766484e+00 9.605163715217789333e-01 1.003285233170788215e+00 9.832147282161211033e-01
1.031000000000000050e+01 1.013027649809642661e+00 9.597445095797468850e-01 9.984596879533810254e-01 9.831030218508777230e-01
1.033000000000000007e+01 1.012600591056893595e+00 9.550829923758950013e-01 9.904287855080121661e-01 9.798507687188097171e-01
1.034999999999999964e+01 1.020853456336158649e+00 9.528828072403874305e-01 9.860779555621768111e-01 9.815571425202046507e-01
1.037000000000000099e+01 1.027013335835163854e+00 9.497432863801728020e-01 9.858587194621021288e-01 9.822282565577252766e-01
1.039000000000000057e+01 1.021802572274663090e+00 9.508796140377702155e-01 9.914147060368094788e-01 9.812084726225893672e-01
1.041000000000000014e+01 1.027168999392449100e+00 9.438829567977879975e-01 9.779907201038399167e-01 9.785628535279130569e-01
1.042999999999999972e+01 1.029763436275991317e+00 9.493520251952799471e-01 9.794614872515903237e-01 9.826392900599241198e-01
1.044999999999999929e+01 1.032999241380239130e+00 9.490956953646784156e-01 9.755943517324222602e-01 9.834874645692635031e-01
1.047000000000000064e+01 1.032092176332785494e+00 9.418394684717119603e-01 9.739298248400303226e-01 9.790824707917625824e-01
1.049000000000000021e+01 1.031742577837754915e+00 9.424445450610802189e-01 9.781532001744620564e-01 9.795680799239839809e-01
1.050999999999999979e+01 1.032297206020532654e+00 9.414980849343781433e-01 9.623835355896412924e-01 9.781759976538197954e-01
1.053000000000000114e+01 1.040780959883560453e+00 9.452521120091887941e-01 9.695384729738030227e-01 9.840009901066740783e-01
1.055000000000000071e+01 1.041200307713003870e+00 9.416417912366366050e-01 9.572469717193025085e-01 9.813520872076171297e-01
1.057000000000000028e+01 1.040858834246091380e+00 9.431325498701043086e-01 9.555293856703264144e-01 9.819094437661034513e-01
1.058999999999999986e+01 1.043975557881715588e+00 9.430884072752732106e-01 9.462702669467394356e-01 9.824526092669775279e-01
1.060999999999999943e+01 1.048027112660740778e+00 9.419542397431480696e-01 9.427946252815875283e-01 9.831680784901309922e-01
1.063000000000000078e+01 1.045034552134993522e+00 9.437008059273794824e-01 9.397203094464020579e-01 9.827415528415816004e-01
1.065000000000000036e+01 1.050807629975900825e+00 9.408401553131580108e-01 9.401158186537028616e-01 9.834565548950886527e-01
1.066999999999999993e+01 1.053701938388866610e+00 9.403268228663744788e-01 9.467995695928739242e-01 9.847645035778357370e-01
1.069000000000000128e+01 1.052253694056731748e+00 9.434126345297285665e-01 9.281554243571749074e-01 9.845840937798152614e-01
1.071000000000000085e+01 1.052328213053924211e+00 9.416866675327719705e-01 9.331713272412401894e-01 9.840242722834444677e-01
1.073000000000000043e+01 1.054441891512844842e+00 9.392966726209259765e-01 9.335880645857209670e-01 9.835763275046620624e-01
1.075000000000000000e+01 1.054880929984504556e+00 9.415497012610675176e-01 9.207246750731339358e-01 9.840771707701206905e-01
1.076999999999999957e+01 1.054973181136805049e+00 9.447382208433257045e-01 9.176802886113721858e-01 9.856320882400325667e-01
1.078999999999999915e+01 1.057260021504098146e+00 9.411322749013570910e-01 9.201548652369901937e-01 9.847342061289308113e-01
1.081000000000000050e+01 1.058649240715432205e+00 9.483763850686736108e-01 9.179178406412555891e-01 9.890491128261974518e-01
1.083000000000000007e+01 1.051502281629357993e+00 9.509050374736118805e-01 9.205871874801266896e-01 9.878334511647892668e-01
1.084999999999999964e+01 1.055031096585843819e+00 9.488618295850126394e-01 9.254018122834545279e-01 9.884277618747860927e-01
1.087000000000000099e+01 1.054186403867488853e+00 9.510693210371692352e-01 9.339674209764262658e-01 9.898919812968650644e-01
1.089000000000000057e+01 1.051934277332950307e+00 9.555704134276761241e-01 9.276850022256923900e-01 9.910250013009214154e-01
1.091000000000000014e+01 1.052159638987520518e+00 9.601227740767820373e-01 9.296413580181692726e-01 9.937184748618835828e-01
1.092999999999999972e+01 1.052022038384948344e+00 9.600438294388806693e-01 9.412466816850811879e-01 9.944271115853466902e-01
1.094999999999999929e+01 1.046632214683383522e+00 9.643608860102228508e-01 9.324406901794314306e-01 9.940678412059030800e-01
1.097000000000000064e+01 1.043371022390166658e+00 9.600616014170491042e-01 9.360500623202528958e-01 9.907198187397986411e-01
1.099000000000000021e+01 1.041487039381035151e+00 9.647742403185586291e-01 9.329485631795176870e-01 9.923310788734429622e-01
1.100999999999999979e+01 1.041321319625895470e+00 9.685632120518267163e-01 9.413371117674766975e-01 9.949046517424550151e-01
1.103000000000000114e+01 1.035809042718186301e+00 9.686963873300882266e-01 9.344613616778000287e-01 9.923613395999815179e-01
1.105000000000000071e+01 1.032293979098104497e+00 9.727845637329473050e-01 9.374160167297177493e-01 9.934208972813349803e-01
1.107000000000000028e+01 1.025161033501297947e+00 9.704645598243155646e-01 9.313501817187997966e-01 9.889737198736219259e-01
1.108999999999999986e+01 1.027337067252572789e+00 9.808806900693344266e-01 9.342826158750795473e-01 9.956737315088363127e-01
1.110999999999999943e+01 1.024589585108285350e+00 9.734730557008318685e-01 9.218052234640463638e-01 9.897226014939165539e-01
1.113000000000000078e+01 1.021004417763264005e+00 9.825115932473679203e-01 9.321882208555455351e-01 9.939564695100511216e-01
1.115000000000000036e+01 1.023819708577039966e+00 9.852178740829663495e-01 9.246818137290403472e-01 9.959967645642746614e-01
1.116999999999999993e+01 1.016598294704405880e+00 9.830098790659665964e-01 9.271998997348489535e-01 9.921713650913974725e-01
1.119000000000000128e+01 1.013762879478455003e+00 9.928533780581658696e-01 9.368517023049350856e-01 9.970822366082561228e-01
1.121000000000000085e+01 1.018211982168329754e+00 9.958449450598754193e-01 9.377117807062518295e-01 1.000491492368875690e+00
1.123000000000000043e+01 1.015621560244298172e+00 9.969137983388373092e-01 9.483249436396031795e-01 1.000802498530069418e+00
1.125000000000000000e+01 1.009738422310028527e+00 9.997850279032476362e-01 9.530866912991019513e-01 1.000408206033609249e+00
1.126999999999999957e+01 1.007948015776677808e+00 1.002760288256572263e+00 9.594551774212327633e-01 1.001769750456980468e+00
1.128999999999999915e+01 1.001808400117008224e+00 1.008247318120034874e+00 9.687153564270342132e-01 1.003007400040136998e+00
1.131000000000000050e+01 1.007448296663528309e+00 1.009654056344548412e+00 9.674721462092772395e-01 1.005872793021248324e+00
1.133000000000000007e+01 1.002711659922630449e+00 1.011788021212136401e+00 9.810744938001405568e-01 1.006136378208736248e+00
1.134999999999999964e+01 1.005725939893095111e+00 1.013739641072466391e+00 9.833661675509741684e-01 1.008523886756008014e+00
1.137000000000000099e+01 1.000438425517556018e+00 1.019208280867015981e+00 9.787285586256704306e-01 1.009118312636118953e+00
1.139000000000000057e+01 9.979451957303278054e-01 1.023378536744139700e+00 9.843777620557062624e-01 1.010805750760201960e+00
1.141000000000000014e+01 9.933533872939067644e-01 1.020527071913309936e+00 9.865392496307253678e-01 1.007626707878526817e+00
1.142999999999999972e+01 9.944789906320690154e-01 1.028322566376268732e+00 9.909155060238677981e-01 1.012597195270420469e+00
1.144999999999999929e+01 9.863301022500953197e-01 1.030069375308765967e+00 9.981669243368845867e-01 1.010886302114645252e+00
1.147000000000000064e+01 9.848172924420716123e-01 1.028820478515434234e+00 1.000164160520697010e+00 1.009760138037637311e+00
1.149000000000000021e+01 9.803421056286004687e-01 1.027863177176126852e+00 9.993756776717103163e-01 1.007449629062385554e+00
1.150999999999999979e+01 9.775081692973331959e-01 1.026449036877291388e+00 1.001317747906244060e+00 1.005717380919220583e+00
1.153000000000000114e+01 9.777654421961951003e-01 1.032429418812609523e+00 1.004963220672581814e+00 1.009315302315106466e+00
1.155000000000000071e+01 9.771006270982072195e-01 1.032458797112894455e+00 1.010045549943221488e+00 1.009425775773378664e+00
1.157000000000000028e+01 9.683507652703478019e-01 1.031241956420872352e+00 1.011491208761377880e+00 1.005470826382568905e+00
1.158999999999999986e+01 9.705469840439714391e-01 1.034778128295791300e+00 1.009510706925209167e+00 1.008104507470483302e+00
1.160999999999999943e+01 9.685481690966365464e-01 1.031788634602777810e+00 1.014974994484274085e+00 1.006085685807182939e+00
1.163000000000000078e+01 9.673917698128358111e-01 1.034918320449660589e+00 1.011757069436212131e+00 1.007112173599828298e+00
1.165000000000000036e+01 9.680474530165230629e-01 1.035158920360556234e+00 1.015794669533428563e+00 1.007777156503651073e+00
1.166999999999999993e+01 9.664322951295483133e-01 1.034922597882704798e+00 1.019408691227052133e+00 1.007272888293466950e+00
1.169000000000000128e+01 9.595697054456699959e-01 1.032847902815638097e+00 1.034287111631141842e+00 1.004516272603720672e+00
1.171000000000000085e+01 9.622981962368872821e-01 1.035768085187857013e+00 1.030224558146745961e+00 1.006877806012503651e+00
1.173000000000000043e+01 9.603041590825934781e-01 1.035574355258668033e+00 1.033348818208269737e+00 1.006215681765643577e+00
1.175000000000000000e+01 9.614316799166466865e-01 1.034089640722591241e+00 1.033055791511917620e+00 1.005827144010161600e+00
1.176999999999999957e+01 9.635883173750011688e-01 1.030979656082479101e+00 1.044715508496367518e+00 1.005784896679004836e+00
1.178999999999999915e+01 9.592353722805361249e-01 1.035108546989192302e+00 1.050463476987670841e+00 1.006735180674522612e+00
1.181000000000000050e+01 9.614392771833946139e-01 1.027773952390043988e+00 1.036936693426750322e+00 1.002672012103103638e+00
1.183000000000000007e+01 9.625791748322733987e-01 1.034868526344801642e+00 1.037489467479125294e+00 1.007002518344445985e+00
1.184999999999999964e+01 9.626126056360516658e-01 1.036354241461884707e+00 1.040467414929971079e+00 1.008028247837718272e+00
1.187000000000000099e+01 9.614682689279711036e-01 1.033701192134821145e+00 1.035574159321691612e+00 1.005805203670504744e+00
1.189000000000000057e+01 9.633198964265681230e-01 1.031741038069559746e+00 1.035990944259464142e+00 1.005488842941761440e+00
1.191000000000000014e+01 9.619008864081389776e-01 1.031748072743131406e+00 1.035790656356288197e+00 1.004928203494131367e+00
1.192999999999999972e+01 9.610573816417955495e-01 1.031207002202462197e+00 1.027236268963179100e+00 1.003714042674101137e+00
1.194999999999999929e+01 9.625851155173780205e-01 1.028624026257042301e+00 1.033912253005818682e+00 1.003368131249759765e+00
1.197000000000000064e+01 9.600777479641037226e-01 1.033164914668327938e+00 1.038499194764578970e+00 1.005177538077367094e+00
1.199000000000000021e+01 9.643760061533308559e-01 1.031747191681039011e+00 1.036215129098436494e+00 1.005917493534205231e+00
1.200999999999999979e+01 9.621390813707779710e-01 1.035516914822527168e+00 1.041143661028878897e+00 1.007437044917011137e+00
1.203000000000000114e+01 9.613567086259263705e-01 1.034771738124579787e+00 1.042409699484589503e+00 1.006816920281609962e+00
1.205000000000000071e+01 9.665866007998892284e-01 1.035077393605169815e+00 1.048576663682445620e+00 1.009439645763402726e+00
1.207000000000000028e+01 9.621555925493595618e-01 1.037653847381218020e+00 1.051803361867587272e+00 1.009342348211424989e+00
1.208999999999999986e+01 9.675024168416137549e-01 1.031566551243186192e+00 1.045464902981492639e+00 1.007673994371560688e+00
1.210999999999999943e+01 9.713940264752715104e-01 1.029174949699354524e+00 1.051860653470322093e+00 1.008329665700941069e+00
1.213000000000000078e+01 9.720117025973620262e-01 1.034667008091435525e+00 1.068834425562233514e+00 1.012726788524469512e+00
1.215000000000000036e+01 9.671728209204665250e-01 1.030060500288769942e+00 1.048813812023163594e+00 1.006961106207403089e+00
1.216999999999999993e+01 9.692017770984886482e-01 1.023730513092213190e+00 1.050098395499371895e+00 1.004402425954276534e+00
1.219000000000000128e+01 9.737253206195467525e-01 1.021563555370242460e+00 1.048889317994005310e+00 1.004897769250208572e+00
1.221000000000000085e+01 9.703320496263381223e-01 1.018013694515617740e+00 1.045344639694973710e+00 1.001409023626010031e+00
1.223000000000000043e+01 9.697520381829585201e-01 1.017361083704924951e+00 1.051759881308490296e+00 1.001274757899712986e+00
1.225000000000000000e+01 9.777533403840079629e-01 1.016076873798378299e+00 1.054676911782838067e+00 1.003884632504454366e+00
1.226999999999999957e+01 9.762551740930609512e-01 1.008467758431783601e+00 1.035190312996144835e+00 9.978227844108181754e-01
1.229000000000000092e+01 9.779316994030277099e-01 1.012495413669970201e+00 1.040768323162528874e+00 1.001045738999654766e+00
1.231000000000000050e+01 9.876204613274576216e-01 1.004947520390359950e+00 1.029853798714658542e+00 9.999520649731474808e-01
1.233000000000000007e+01 9.828688685962032601e-01 9.980109225864612910e-01 1.033786345027756015e+00 9.946170424628436590e-01
1.234999999999999964e+01 9.843454738337263921e-01 9.976158236683482228e-01 1.029287290001818622e+00 9.946635302510860033e-01
1.237000000000000099e+01 9.905202621148097020e-01 1.002695611507595119e+00 1.037437387993200621e+00 1.000381106166921219e+00
1.239000000000000057e+01 9.915848265816713525e-01 9.954013380796714605e-01 1.032642057215255926e+00 9.965033144236248308e-01
1.241000000000000014e+01 9.932678330573224690e-01 9.958704368274716723e-01 1.027807564251228323e+00 9.970755809530466029e-01
1.242999999999999972e+01 9.977547030409869011e-01 9.955203306304818422e-01 1.024352328466036743e+00 9.983868385532819190e-01
1.244999999999999929e+01 9.984010547187448514e-01 9.922601946416204077e-01 1.024169110125196402e+00 9.968557868706684477e-01
1.247000000000000064e+01 9.994757381865151391e-01 9.927461782355678777e-01 1.027653435681361360e+00 9.977781261413645186e-01
1.249000000000000021e+01 1.001416158961145220e+00 9.916227610931640513e-01 1.013938515604940971e+00 9.969701983825896008e-01
1.250999999999999979e+01 9.997810189587339469e-01 9.936458966328421960e-01 1.019162066582877557e+00 9.977959063435259957e-01
1.253000000000000114e+01 1.001766625159240975e+00 9.916603706093979342e-01 1.015340297588109841e+00 9.972238036719673904e-01
1.255000000000000071e+01 1.005457424734742977e+00 9.915792354733515834e-01 1.005594415213405091e+00 9.979358740670214445e-01
1.257000000000000028e+01 1.007118626888727553e+00 9.926070430129821931e-01 1.006346566508802054e+00 9.991903168248796874e-01
1.258999999999999986e+01 1.003921426915663995e+00 9.931521308077893018e-01 9.956756119570335795e-01 9.975055557542592544e-01
1.260999999999999943e+01 1.007033353404634513e+00 9.908444993757832275e-01 9.922901191585014047e-01 9.972259230900295535e-01
1.263000000000000078e+01 1.007925166664106920e+00 9.891811764940855456e-01 9.939152955767165398e-01 9.967820431155004490e-01
1.265000000000000036e+01 1.007758759891216771e+00 9.850964135331471416e-01 9.926418858331451656e-01 9.944125516671851184e-01
1.266999999999999993e+01 1.014872251056253338e+00 9.818751260932235825e-01 9.930878417511918022e-01 9.954554227102703212e-01
1.269000000000000128e+01 1.016509553848011116e+00 9.870844942682155398e-01 9.868268317500037412e-01 9.984833481889774376e-01
1.271000000000000085e+01 1.015465406835003526e+00 9.826242769708519731e-01 9.877099517034516607e-01 9.957191196586774318e-01
1.273000000000000043e+01 1.013997762254571722e+00 9.813365579393587002e-01 9.805735414070653189e-01 9.939559662395665018e-01
1.275000000000000000e+01 1.022075311426224653e+00 9.799295599821098435e-01 9.844830980499574835e-01 9.965976274592693862e-01
1.276999999999999957e+01 1.023054304747573306e+00 9.779108001319267718e-01 9.841090628556171671e-01 9.958560421611217794e-01
1.279000000000000092e+01 1.025102726311690304e+00 9.788574142527736166e-01 9.952583679480870860e-01 9.979377376912075270e-01
1.281000000000000050e+01 1.031163929822703107e+00 9.754543151503267673e-01 9.923350970835504992e-01 9.982400013744785472e-01
1.283000000000000007e+01 1.026232465615801948e+00 9.763578934613266203e-01 9.924500428919427186e-01 9.968249286952031163e-01
1.284999999999999964e+01 1.033539181350893621e+00 9.747483165639121427e-01 9.951125313114629334e-01 9.989710935805805603e-01
1.287000000000000099e+01 1.032609035020330523e+00 9.723925046503281155e-01 9.846672778765953593e-01 9.966074029190434835e-01
1.289000000000000057e+01 1.032533753231001716e+00 9.766844010359798656e-01 9.990351299818502895e-01 9.999036619023629058e-01
1.291000000000000014e+01 1.036975015910522879e+00 9.755676125003267529e-01 9.912816938400315081e-01 1.000483087892540368e+00
1.292999999999999972e+01 1.034017717008687054e+00 9.760215909230499642e-01 9.871452915870274625e-01 9.992951570084032120e-01
1.294999999999999929e+01 1.037971798301762449e+00 9.753299808126343340e-01 9.826338217648385998e-01 1.000141124794850178e+00
1.297000000000000064e+01 1.037501153068753235e+00 9.708739963998680444e-01 9.790728957322897275e-01 9.972934999768805486e-01
1.299000000000000021e+01 1.040938272004727772e+00 9.725145066338416466e-01 9.730899095338915172e-01 9.991023695842916608e-01
1.300999999999999979e+01 1.037897198517644615e+00 9.722625510271598603e-01 9.766898376995963860e-01 9.980353949849218864e-01
1.303000000000000114e+01 1.039317797879619309e+00 9.731464219581095199e-01 9.764896943122469697e-01 9.990523332239754639e-01
1.305000000000000071e+01 1.034901758322701149e+00 9.757647934388163913e-01 9.702438490408730187e-01 9.983266405776555219e-01
1.307000000000000028e+01 1.032106127424434749e+00 9.738835603300021182e-01 9.685009483699995592e-01 9.961002211011815710e-01
1.308999999999999986e+01 1.033507192593252633e+00 9.716896140600010945e-01 9.727696297300821859e-01 9.957493177385888794e-01
1.310999999999999943e+01 1.029883079172081217e+00 9.714261973323332633e-01 9.782438331758720462e-01 9.945798948584891885e-01
1.313000000000000078e+01 1.026435085054360208e+00 9.724788169715296027e-01 9.748038127324366586e-01 9.935747286482312646e-01
1.315000000000000036e+01 1.029669132021952427e+00 9.725655376468688162e-01 9.741828089557521553e-01 9.948335077450818353e-01
1.316999999999999993e+01 1.023740495951554585e+00 9.688244629540971875e-01 9.759341706587688625e-01 9.906245912086174554e-01
1.319000000000000128e+01 1.031833354015479820e+00 9.737686097330523483e-01 9.799409402268879354e-01 9.967254066608657315e-01
1.321000000000000085e+01 1.023256726446129417e+00 9.715260799387724910e-01 9.808944724391855940e-01 9.922469464813146178e-01
1.323000000000000043e+01 1.026893027095358679e+00 9.763522397642298012e-01 9.839807694842847008e-01 9.964907842486280254e-01
1.325000000000000000e+01 1.028016398227267647e+00 9.771742931559405099e-01 9.774200898706774110e-01 9.969177319340789545e-01
1.326999999999999957e+01 1.023807786170273237e+00 9.790755745672746757e-01 9.884442678528584381e-01 9.970811166805908510e-01
1.329000000000000092e+01 1.021508609300237236e+00 9.810079781901520635e-01 9.796642217519289098e-01 9.966287548555935460e-01
1.331000000000000050e+01 1.020169538936157361e+00 9.838940127953584858e-01 9.877960677121050415e-01 9.982392903239446502e-01
1.333000000000000007e+01 1.019725925973298475e+00 9.808644125287463433e-01 9.788561862601299346e-01 9.958031396541655589e-01
1.334999999999999964e+01 1.021561982329426410e+00 9.864533993447192062e-01 9.778997565140948867e-01 9.994820703895923586e-01
1.337000000000000099e+01 1.020541354135451995e+00 9.898365831238481460e-01 9.816984725125174061e-01 1.001185423404340913e+00
1.339000000000000057e+01 1.017476449602027433e+00 9.904226761896447462e-01 9.889693169336160050e-01 1.000818561957443009e+00
1.341000000000000014e+01 1.021107414458960028e+00 9.919791961200681296e-01 9.885319877710262437e-01 1.003041672965945930e+00
1.342999999999999972e+01 1.018381274146211268e+00 1.000644409825718117e+00 9.866573624757053462e-01 1.006556148720738175e+00
1.344999999999999929e+01 1.015286072791361738e+00 9.976248549376868224e-01 9.867895831012244434e-01 1.003725828716503399e+00
1.347000000000000064e+01 1.017455377571815367e+00 9.984790254608659765e-01 9.888742196201829593e-01 1.005175598966404849e+00
1.349000000000000021e+01 1.018677090210637237e+00 1.000554993228297107e+00 9.938971518608544775e-01 1.007124502468850435e+00
1.350999999999999979e+01 1.019191473119078761e+00 9.996134961057993040e-01 9.824088827713242100e-01 1.006016426272966724e+00
1.353000000000000114e+01 1.013533156112031541e+00 1.003156565417327784e+00 9.860889096875073978e-01 1.005998918509087847e+00
1.355000000000000071e+01 1.017657659021048655e+00 1.005042703229726664e+00 9.882785072318714947e-01 1.008774572655260160e+00
1.357000000000000028e+01 1.013402812590946667e+00 1.006516794715795138e+00 9.899281613398572821e-01 1.008038050876057135e+00
1.358999999999999986e+01 1.013230531216636976e+00 1.012489136447500382e+00 9.912223398273604102e-01 1.011301875683696228e+00
1.360999999999999943e+01 1.013260969832924241e+00 1.009654484944564112e+00 9.924329595894634259e-01 1.009859411562934906e+00
1.363000000000000078e+01 1.006255860148833836e+00 1.010678157794938192e+00 9.962230515496919292e-01 1.007959830793109024e+00
1.365000000000000036e+01 1.008079398137497362e+00 1.013477509054151016e+00 9.928070199747864866e-01 1.009949517451758316e+00
1.366999999999999993e+01 1.004621099793818750e+00 1.014422086290467817e+00 9.899751308468549560e-01 1.008923899410070879e+00
1.369000000000000128e+01 1.006563016569443691e+00 1.013838052690837488e+00 1.003326223261629346e+00 1.010286360721914356e+00
1.371000000000000085e+01 9.942995613640529529e-01 1.014414248995928247e+00 9.963746059617223372e-01 1.005358782574576448e+00
1.373000000000000043e+01 9.988929825025056886e-01 1.019578617508209550e+00 1.009744246662765299e+00 1.010870687912937438e+00
1.375000000000000000e+01 9.965071673305508915e-01 1.021293762760718815e+00 1.000189822468838585e+00 1.010213109474389581e+00
1.376999999999999957e+01 9.917457429575396999e-01 1.019917900958871027e+00 9.960960808561450941e-01 1.007335179135139702e+00
1.379000000000000092e+01 9.929731961256368367e-01 1.023476938911224599e+00 1.000068916550438836e+00 1.010018276130256965e+00
1.381000000000000050e+01 9.878974315163697728e-01 1.017290334623776049e+00 1.001351592346584329e+00 1.004780687354799973e+00
1.383000000000000007e+01 9.881010251756051632e-01 1.019435152995445293e+00 1.001477252822872810e+00 1.006032288970847288e+00
1.384999999999999964e+01 9.830646415671531191e-01 1.022225254918320392e+00 1.003951455670051507e+00 1.005763859015611050e+00
1.387000000000000099e+01 9.874009999730973819e-01 1.020728770970625199e+00 1.003370377171239669e+00 1.006593964498056160e+00
1.389000000000000057e+01 9.851488381738388034e-01 1.021305587726043962e+00 1.002272323775472040e+00 1.005956999426775189e+00
1.391000000000000014e+01 9.810612920098531475e-01 1.019271481002324009e+00 1.001896974816612884e+00 1.003241212010334671e+00
1.392999999999999972e+01 9.773438263700040540e-01 1.016727364257823840e+00 1.001228836588645921e+00 1.000371948655600862e+00
1.394999999999999929e+01 9.767608941863263894e-01 1.021101935167371799e+00 1.009379149857033919e+00 1.003084901174569943e+00
1.397000000000000064e+01 9.777761113030990492e-01 1.022041308581886243e+00 1.006167919394401755e+00 1.003765844452051414e+00
1.399000000000000021e+01 9.773441641064922747e-01 1.021003765926003171e+00 1.015758847265156861e+00 1.003700385424930230e+00
1.400999999999999979e+01 9.775068351470340700e-01 1.019418346538858433e+00 1.009732149363566478e+00 1.002485197122927163e+00
1.403000000000000114e+01 9.766907368620095786e-01 1.022390971194545140e+00 1.007057783715999744e+00 1.003596187046663646e+00
1.405000000000000071e+01 9.762032244090904642e-01 1.022639446242497474e+00 1.004058231277473068e+00 1.003333843368164446e+00
1.407000000000000028e+01 9.780117246345541027e-01 1.018765881118916417e+00 1.009941822345044482e+00 1.002341569474977767e+00
1.408999999999999986e+01 9.758433333646430174e-01 1.022969328174509585e+00 1.007578347786898476e+00 1.003617350515185747e+00
1.410999999999999943e+01 9.771345824838008065e-01 1.018020636102585419e+00 1.008942256575445784e+00 1.001527511348523358e+00
1.413000000000000078e+01 9.787429737516430972e-01 1.016512426405113301e+00 1.004841179233225468e+00 1.001048698450728969e+00
1.415000000000000036e+01 9.772920298524154781e-01 1.018419746470418996e+00 1.015431428050426854e+00 1.002255222337204321e+00
1.416999999999999993e+01 9.769736796122876488e-01 1.016071803889447844e+00 1.022866446205690005e+00 1.001373225848792625e+00
1.419000000000000128e+01 9.817266242156501566e-01 1.019074314938524184e+00 1.025145066255539694e+00 1.005004689209636037e+00
1.421000000000000085e+01 9.777814774364551598e-01 1.019010577423604014e+00 1.024217641786016264e+00 1.003375091906026695e+00
1.423000000000000043e+01 9.764364909714949858e-01 1.015316252029195176e+00 1.024996234702146181e+00 1.000902504550094108e+00
1.425000000000000000e+01 9.751483252136158297e-01 1.012300686032834296e+00 1.025684690177916192e+00 9.988140432672527602e-01
1.426999999999999957e+01 9.774742304944168403e-01 1.014709985613248877e+00 1.024311325118553606e+00 1.000928647148729089e+00
1.429000000000000092e+01 9.820103053359865442e-01 1.012798200227750689e+00 1.017837401609190451e+00 1.001202189682648402e+00
1.431000000000000050e+01 9.797373535066546957e-01 1.011898156110182301e+00 1.022645440447953691e+00 1.000165339563566347e+00
1.433000000000000007e+01 9.763336332690915054e-01 1.011819554416702349e+00 1.016446747186775745e+00 9.983721674916051780e-01
1.434999999999999964e+01 9.819842682369707143e-01 1.009456502341855577e+00 1.011374763077358852e+00 9.989304989917093813e-01
1.437000000000000099e+01 9.837457037817207706e-01 1.006745007928323776e+00 1.009927857637236803e+00 9.980421741573596295e-01
1.439000000000000057e+01 9.838424341761918823e-01 1.005347143037021773e+00 1.016404074037213778e+00 9.977702935443620857e-01
1.441000000000000014e+01 9.780720168183081320e-01 1.006019329466368628e+00 1.020986108512126789e+00 9.962139532201602643e-01
1.442999999999999972e+01 9.859160143210814464e-01 1.003292354646731388e+00 1.013423239304484191e+00 9.972530600279440050e-01
1.444999999999999929e+01 9.843651386134550929e-01 1.007281382241250745e+00 1.010079341921092722e+00 9.985840820964252407e-01
1.447000000000000064e+01 9.848641764373540219e-01 1.003983596885395402e+00 1.019353645081395587e+00 9.976313508945610087e-01
1.449000000000000021e+01 9.851274674726827607e-01 1.006221757782185477e+00 1.013632624248424596e+00 9.985512822604538652e-01
1.450999999999999979e+01 9.855589948775248521e-01 1.003134472429931590e+00 1.018865293446225673e+00 9.974062865041259940e-01
1.453000000000000114e+01 9.861455749975298612e-01 1.001039112506012518e+00 1.015685013998914865e+00 9.962762586696606304e-01
1.455000000000000071e+01 9.881755825639342294e-01 1.007877159294333413e+00 1.017049799475219674e+00 1.000869231553405125e+00
1.457000000000000028e+01 9.902454637223857548e-01 1.008372319490864699e+00 1.013555888770356406e+00 1.001698718628675433e+00
1.458999999999999986e+01 9.875948392042583901e-01 1.006631055349407111e+00 1.022521208330694487e+00 1.000347162909712706e+00
1.460999999999999943e+01 9.936714578266022668e-01 1.004269604031359675e+00 1.013161005487808630e+00 1.000774240848711250e+00
1.463000000000000078e+01 9.890217975124870886e-01 1.003433271283710848e+00 1.017387237951086210e+00 9.988094671280338677e-01
1.465000000000000036e+01 9.937123124211765246e-01 1.005981033962164650e+00 1.008718586704370646e+00 1.001410710786361458e+00
1.466999999999999993e+01 9.901447483797154447e-01 9.999160151351528247e-01 1.011754132317154831e+00 9.969458392533160351e-01
1.469000000000000128e+01 9.912806674596610357e-01 1.002005966489598388e+00 1.006063044466143142e+00 9.981259938636197759e-01
1.471000000000000085e+01 9.958238457429253732e-01 9.995784298127334822e-01 1.013300494983084610e+00 9.990733435287137976e-01
1.473000000000000043e+01 9.921767712115181492e-01 9.985640439973694216e-01 1.006680087621067754e+00 9.966486977296553640e-01
1.475000000000000000e+01 9.938286758629600870e-01 9.969259273878140482e-01 1.003951958556263735e+00 9.962114913883621803e-01
1.476999999999999957e+01 9.990057450970518671e-01 1.003133113493088313e+00 1.006575757178261643e+00 1.001770480332004887e+00
1.479000000000000092e+01 9.974248855862709595e-01 9.984909279381125602e-01 1.001063087064620216e+00 9.982556977779223351e-01
1.481000000000000050e+01 9.999767204840910306e-01 9.953040911900042920e-01 1.000933947375916233e+00 9.975074872906318779e-01
1.483000000000000007e+01 1.001831975365642835e+00 9.945494921263228205e-01 9.998358957627412336e-01 9.977416743844749192e-01
1.484999999999999964e+01 1.003342457437264024e+00 9.954172626290033188e-01 9.866980430797441803e-01 9.978874801318877719e-01
1.487000000000000099e+01 1.006256088001299842e+00 9.957100612247177240e-01 9.958451704645601144e-01 9.998112183420220234e-01
1.489000000000000057e+01 1.007443665186759318e+00 9.904955459999439382e-01 9.893239997752368842e-01 9.969900510394539284e-01
1.491000000000000014e+01 1.010715424160531617e+00 9.908674648824278286e-01 9.930325610609683773e-01 9.987184944948355181e-01
1.492999999999999972e+01 1.010898353667517569e+00 9.906456144278992237e-01 9.909397258984745660e-01 9.985239374513240618e-01
1.494999999999999929e+01 1.010627417155355534e+00 9.877443482032766120e-01 9.898199015935430500e-01 9.967667697252465819e-01
1.497000000000000064e+01 1.010587611694503174e+00 9.931832241949093421e-01 9.834441733174770217e-01 9.992605757892023544e-01
1.499000000000000021e+01 1.014784198315257013e+00 9.931310467760813276e-01 9.941614457662620863e-01 1.001603784050856039e+00
