# angle(deg)  P(Si-O-Si)  P(O-Si-O)   [1 deg bin, normalized]
6.100000000000000000e+01 0.000000000000000000e+00 0.000000000000000000e+00
6.200000000000000000e+01 0.000000000000000000e+00 0.000000000000000000e+00
6.300000000000000000e+01 0.000000000000000000e+00 0.000000000000000000e+00
6.400000000000000000e+01 0.000000000000000000e+00 0.000000000000000000e+00
6.500000000000000000e+01 0.000000000000000000e+00 0.000000000000000000e+00
6.600000000000000000e+01 0.000000000000000000e+00 0.000000000000000000e+00
6.700000000000000000e+01 0.000000000000000000e+00 0.000000000000000000e+00
6.800000000000000000e+01 0.000000000000000000e+00 0.000000000000000000e+00
6.900000000000000000e+01 0.000000000000000000e+00 0.000000000000000000e+00
7.000000000000000000e+01 0.000000000000000000e+00 0.000000000000000000e+00
7.100000000000000000e+01 0.000000000000000000e+00 0.000000000000000000e+00
7.200000000000000000e+01 0.000000000000000000e+00 0.000000000000000000e+00
7.300000000000000000e+01 0.000000000000000000e+00 0.000000000000000000e+00
7.400000000000000000e+01 0.000000000000000000e+00 0.000000000000000000e+00
7.500000000000000000e+01 0.000000000000000000e+00 0.000000000000000000e+00
7.600000000000000000e+01 0.000000000000000000e+00 0.000000000000000000e+00
7.700000000000000000e+01 0.000000000000000000e+00 0.000000000000000000e+00
7.800000000000000000e+01 0.000000000000000000e+00 3.063143643057997588e-06
7.900000000000000000e+01 0.000000000000000000e+00 9.189430929173991917e-06
8.000000000000000000e+01 0.000000000000000000e+00 1.837886185834798383e-05
8.100000000000000000e+01 0.000000000000000000e+00 4.747872646739896134e-05
8.200000000000000000e+01 0.000000000000000000e+00 8.270487836256593572e-05
8.300000000000000000e+01 0.000000000000000000e+00 1.516256103313708776e-04
8.400000000000000000e+01 0.000000000000000000e+00 1.240573175438488900e-04
8.500000000000000000e+01 0.000000000000000000e+00 1.608150412605448645e-04
8.600000000000000000e+01 0.000000000000000000e+00 1.409046075806678975e-04
8.700000000000000000e+01 0.000000000000000000e+00 1.332467484730229040e-04
8.800000000000000000e+01 0.000000000000000000e+00 1.102731711500879098e-04
8.900000000000000000e+01 0.000000000000000000e+00 1.332467484730229040e-04
9.000000000000000000e+01 4.609144542772861293e-06 1.286520330084358970e-04
9.100000000000000000e+01 2.304572271386430646e-05 2.573040660168717940e-04
9.200000000000000000e+01 3.687315634218289034e-05 3.369458007363797161e-04
9.300000000000000000e+01 1.567109144542772840e-04 7.045230379033394063e-04
9.400000000000000000e+01 2.535029498525073711e-04 1.286520330084358916e-03
9.500000000000000000e+01 3.733407079646017647e-04 2.301952447758085288e-03
9.600000000000000000e+01 1.797566371681415904e-04 3.926950150400352994e-03
9.700000000000000000e+01 1.474926253687315614e-04 6.507648669676715548e-03
9.800000000000000000e+01 1.521017699115044227e-04 1.010224773480527562e-02
9.900000000000000000e+01 3.226401179941002905e-05 1.475822607225343169e-02
1.000000000000000000e+02 2.304572271386430646e-05 2.041585238098155355e-02
1.010000000000000000e+02 9.218289085545722586e-06 2.764946609406301534e-02
1.020000000000000000e+02 0.000000000000000000e+00 3.537318279003375671e-02
1.030000000000000000e+02 0.000000000000000000e+00 4.287635314370431827e-02
1.040000000000000000e+02 0.000000000000000000e+00 5.125405100746794479e-02
1.050000000000000000e+02 0.000000000000000000e+00 5.749826932384167338e-02
1.060000000000000000e+02 0.000000000000000000e+00 6.233497313623025116e-02
1.070000000000000000e+02 0.000000000000000000e+00 6.583614632024553659e-02
1.080000000000000000e+02 0.000000000000000000e+00 6.673058426401848320e-02
1.090000000000000000e+02 4.609144542772861293e-06 6.554514767415503540e-02
1.100000000000000000e+02 0.000000000000000000e+00 6.330752124290116301e-02
1.110000000000000000e+02 1.843657817109144517e-05 5.929633464231671980e-02
1.120000000000000000e+02 3.687315634218289034e-05 5.402925914807849006e-02
1.130000000000000000e+02 4.609144542772861293e-05 4.850947430328797494e-02
1.140000000000000000e+02 7.835545722713864198e-05 4.305707861864474517e-02
1.150000000000000000e+02 1.106194690265486710e-04 3.732440529066170104e-02
1.160000000000000000e+02 2.442846607669616485e-04 3.142785377777505829e-02
1.170000000000000000e+02 3.871681415929203486e-04 2.652222923341767194e-02
1.180000000000000000e+02 5.346607669616519100e-04 2.158750482445123686e-02
1.190000000000000000e+02 7.005899705014749165e-04 1.727919329049016489e-02
1.200000000000000000e+02 9.080014749262536747e-04 1.392351942952012832e-02
1.210000000000000000e+02 1.083148967551622512e-03 1.103038025865184929e-02
1.220000000000000000e+02 1.557890855457227117e-03 8.647254504352726301e-03
1.230000000000000000e+02 2.009587020648967524e-03 6.501522382390600117e-03
1.240000000000000000e+02 2.161688790560471838e-03 4.940850696252549641e-03
1.250000000000000000e+02 2.719395280235988380e-03 3.695682805349474222e-03
1.260000000000000000e+02 3.443030973451327494e-03 2.971249333766257713e-03
1.270000000000000000e+02 4.249631268436577895e-03 2.252942149469157069e-03
1.280000000000000000e+02 5.042404129793510471e-03 1.631123989928383788e-03
1.290000000000000000e+02 6.309918879056047002e-03 1.209941739007909089e-03
1.300000000000000000e+02 7.356194690265487057e-03 9.158799492743412932e-04
1.310000000000000000e+02 8.167404129793510645e-03 7.351544743339193805e-04
1.320000000000000000e+02 9.918879056047198370e-03 5.544289993934975761e-04
1.330000000000000000e+02 1.107577433628318536e-02 3.997402454190686848e-04
1.340000000000000000e+02 1.199299410029498573e-02 3.216300825210897290e-04
1.350000000000000000e+02 1.332503687315634254e-02 2.098253395494728394e-04
1.360000000000000000e+02 1.471699852507374687e-02 1.439677512237258841e-04
1.370000000000000000e+02 1.672197640117993947e-02 8.883116564868193598e-05
1.380000000000000000e+02 1.698008849557522057e-02 5.054187011045696147e-05
1.390000000000000000e+02 1.931692477876106179e-02 3.828929553822496773e-05
1.400000000000000000e+02 2.034015486725663721e-02 2.909986460905097751e-05
1.410000000000000000e+02 2.189804572271386585e-02 1.991043367987698390e-05
1.420000000000000000e+02 2.325774336283185917e-02 1.837886185834798383e-05
1.430000000000000000e+02 2.426253687315634358e-02 1.684729003681898716e-05
1.440000000000000000e+02 2.628595132743362719e-02 2.450514914446398070e-05
1.450000000000000000e+02 2.635047935103244920e-02 1.531571821528998709e-05
1.460000000000000000e+02 2.837850294985250904e-02 1.684729003681898716e-05
1.470000000000000000e+02 2.879332595870206374e-02 1.531571821528998709e-05
1.480000000000000000e+02 2.820335545722713749e-02 1.991043367987698390e-05
1.490000000000000000e+02 2.959531710914454355e-02 1.531571821528998709e-05
1.500000000000000000e+02 3.092735988200590036e-02 1.378414639376098872e-05
1.510000000000000000e+02 3.040191740412979265e-02 7.657859107644993547e-06
1.520000000000000000e+02 3.003779498525073824e-02 4.594715464586995959e-06
1.530000000000000000e+02 3.033738938053097411e-02 1.531571821528998794e-06
1.540000000000000000e+02 3.029129793510324312e-02 1.531571821528998794e-06
1.550000000000000000e+02 2.994561209439527971e-02 3.063143643057997588e-06
1.560000000000000000e+02 2.919432153392330365e-02 0.000000000000000000e+00
1.570000000000000000e+02 2.849373156342182786e-02 6.126287286115995176e-06
1.580000000000000000e+02 2.737370943952802463e-02 0.000000000000000000e+00
1.590000000000000000e+02 2.725848082595870234e-02 0.000000000000000000e+00
1.600000000000000000e+02 2.631360619469026718e-02 3.063143643057997588e-06
1.610000000000000000e+02 2.488477138643067910e-02 6.126287286115995176e-06
1.620000000000000000e+02 2.428097345132743459e-02 1.225257457223199035e-05
1.630000000000000000e+02 2.243270648967551559e-02 9.189430929173991917e-06
1.640000000000000000e+02 2.125737463126843585e-02 1.378414639376098872e-05
1.650000000000000000e+02 2.076880530973451364e-02 1.991043367987698390e-05
1.660000000000000000e+02 1.947363569321533885e-02 3.063143643057997419e-05
1.670000000000000000e+02 1.815542035398230031e-02 1.837886185834798383e-05
1.680000000000000000e+02 1.698930678466076608e-02 1.991043367987698390e-05
1.690000000000000000e+02 1.553281710914454321e-02 1.837886185834798383e-05
1.700000000000000000e+02 1.398414454277286181e-02 1.531571821528998709e-05
1.710000000000000000e+02 1.294247787610619538e-02 1.531571821528998709e-05
1.720000000000000000e+02 1.094210914454277206e-02 1.072100275070299198e-05
1.730000000000000000e+02 9.563974926253687725e-03 1.531571821528998709e-05
1.740000000000000000e+02 8.250368731563421931e-03 6.126287286115995176e-06
1.750000000000000000e+02 6.969026548672566275e-03 6.126287286115995176e-06
1.760000000000000000e+02 5.194505899705014786e-03 1.531571821528998794e-06
1.770000000000000000e+02 3.857853982300884794e-03 1.531571821528998794e-06
1.780000000000000000e+02 2.631821533923303907e-03 1.531571821528998794e-06
1.790000000000000000e+02 1.336651917404129775e-03 1.531571821528998794e-06
