# r(A)  g_SiO  g_OO  g_SiSi   [dr=0.01 A, 151 frames, V=32652.5 A^3]
5.000000000000000104e-03 0.000000000000000000e+00 0.000000000000000000e+00 0.000000000000000000e+00
1.499999999999999944e-02 0.000000000000000000e+00 0.000000000000000000e+00 0.000000000000000000e+00
2.500000000000000139e-02 0.000000000000000000e+00 0.000000000000000000e+00 0.000000000000000000e+00
3.500000000000000333e-02 0.000000000000000000e+00 0.000000000000000000e+00 0.000000000000000000e+00
4.499999999999999833e-02 0.000000000000000000e+00 0.000000000000000000e+00 0.000000000000000000e+00
5.500000000000000028e-02 0.000000000000000000e+00 0.000000000000000000e+00 0.000000000000000000e+00
6.500000000000000222e-02 0.000000000000000000e+00 0.000000000000000000e+00 0.000000000000000000e+00
7.500000000000001110e-02 0.000000000000000000e+00 0.000000000000000000e+00 0.000000000000000000e+00
8.499999999999999223e-02 0.000000000000000000e+00 0.000000000000000000e+00 0.000000000000000000e+00
9.500000000000000111e-02 0.000000000000000000e+00 0.000000000000000000e+00 0.000000000000000000e+00
1.050000000000000100e-01 0.000000000000000000e+00 0.000000000000000000e+00 0.000000000000000000e+00
1.149999999999999911e-01 0.000000000000000000e+00 0.000000000000000000e+00 0.000000000000000000e+00
1.250000000000000000e-01 0.000000000000000000e+00 0.000000000000000000e+00 0.000000000000000000e+00
1.350000000000000089e-01 0.000000000000000000e+00 0.000000000000000000e+00 0.000000000000000000e+00
1.450000000000000178e-01 0.000000000000000000e+00 0.000000000000000000e+00 0.000000000000000000e+00
1.549999999999999989e-01 0.000000000000000000e+00 0.000000000000000000e+00 0.000000000000000000e+00
1.650000000000000078e-01 0.000000000000000000e+00 0.000000000000000000e+00 0.000000000000000000e+00
1.749999999999999889e-01 0.000000000000000000e+00 0.000000000000000000e+00 0.000000000000000000e+00
1.849999999999999978e-01 0.000000000000000000e+00 0.000000000000000000e+00 0.000000000000000000e+00
1.950000000000000067e-01 0.000000000000000000e+00 0.000000000000000000e+00 0.000000000000000000e+00
2.050000000000000155e-01 0.000000000000000000e+00 0.000000000000000000e+00 0.000000000000000000e+00
2.149999999999999967e-01 0.000000000000000000e+00 0.000000000000000000e+00 0.000000000000000000e+00
2.250000000000000056e-01 0.000000000000000000e+00 0.000000000000000000e+00 0.000000000000000000e+00
2.349999999999999867e-01 0.000000000000000000e+00 0.000000000000000000e+00 0.000000000000000000e+00
2.449999999999999956e-01 0.000000000000000000e+00 0.000000000000000000e+00 0.000000000000000000e+00
2.550000000000000044e-01 0.000000000000000000e+00 0.000000000000000000e+00 0.000000000000000000e+00
2.650000000000000133e-01 0.000000000000000000e+00 0.000000000000000000e+00 0.000000000000000000e+00
2.750000000000000222e-01 0.000000000000000000e+00 0.000000000000000000e+00 0.000000000000000000e+00
2.850000000000000311e-01 0.000000000000000000e+00 0.000000000000000000e+00 0.000000000000000000e+00
2.949999999999999845e-01 0.000000000000000000e+00 0.000000000000000000e+00 0.000000000000000000e+00
3.049999999999999933e-01 0.000000000000000000e+00 0.000000000000000000e+00 0.000000000000000000e+00
3.150000000000000022e-01 0.000000000000000000e+00 0.000000000000000000e+00 0.000000000000000000e+00
3.250000000000000111e-01 0.000000000000000000e+00 0.000000000000000000e+00 0.000000000000000000e+00
3.350000000000000200e-01 0.000000000000000000e+00 0.000000000000000000e+00 0.000000000000000000e+00
3.450000000000000289e-01 0.000000000000000000e+00 0.000000000000000000e+00 0.000000000000000000e+00
3.549999999999999822e-01 0.000000000000000000e+00 0.000000000000000000e+00 0.000000000000000000e+00
3.649999999999999911e-01 0.000000000000000000e+00 0.000000000000000000e+00 0.000000000000000000e+00
3.750000000000000000e-01 0.000000000000000000e+00 0.000000000000000000e+00 0.000000000000000000e+00
3.850000000000000089e-01 0.000000000000000000e+00 0.000000000000000000e+00 0.000000000000000000e+00
3.950000000000000178e-01 0.000000000000000000e+00 0.000000000000000000e+00 0.000000000000000000e+00
4.050000000000000266e-01 0.000000000000000000e+00 0.000000000000000000e+00 0.000000000000000000e+00
4.150000000000000355e-01 0.000000000000000000e+00 0.000000000000000000e+00 0.000000000000000000e+00
4.249999999999999889e-01 0.000000000000000000e+00 0.000000000000000000e+00 0.000000000000000000e+00
4.349999999999999978e-01 0.000000000000000000e+00 0.000000000000000000e+00 0.000000000000000000e+00
4.450000000000000067e-01 0.000000000000000000e+00 0.000000000000000000e+00 0.000000000000000000e+00
4.550000000000000155e-01 0.000000000000000000e+00 0.000000000000000000e+00 0.000000000000000000e+00
4.650000000000000244e-01 0.000000000000000000e+00 0.000000000000000000e+00 0.000000000000000000e+00
4.749999999999999778e-01 0.000000000000000000e+00 0.000000000000000000e+00 0.000000000000000000e+00
4.849999999999999867e-01 0.000000000000000000e+00 0.000000000000000000e+00 0.000000000000000000e+00
4.949999999999999956e-01 0.000000000000000000e+00 0.000000000000000000e+00 0.000000000000000000e+00
5.050000000000000044e-01 0.000000000000000000e+00 0.000000000000000000e+00 0.000000000000000000e+00
5.150000000000000133e-01 0.000000000000000000e+00 0.000000000000000000e+00 0.000000000000000000e+00
5.250000000000000222e-01 0.000000000000000000e+00 0.000000000000000000e+00 0.000000000000000000e+00
5.350000000000000311e-01 0.000000000000000000e+00 0.000000000000000000e+00 0.000000000000000000e+00
5.450000000000000400e-01 0.000000000000000000e+00 0.000000000000000000e+00 0.000000000000000000e+00
5.550000000000000488e-01 0.000000000000000000e+00 0.000000000000000000e+00 0.000000000000000000e+00
5.650000000000000577e-01 0.000000000000000000e+00 0.000000000000000000e+00 0.000000000000000000e+00
5.749999999999999556e-01 0.000000000000000000e+00 0.000000000000000000e+00 0.000000000000000000e+00
5.849999999999999645e-01 0.000000000000000000e+00 0.000000000000000000e+00 0.000000000000000000e+00
5.949999999999999734e-01 0.000000000000000000e+00 0.000000000000000000e+00 0.000000000000000000e+00
6.049999999999999822e-01 0.000000000000000000e+00 0.000000000000000000e+00 0.000000000000000000e+00
6.149999999999999911e-01 0.000000000000000000e+00 0.000000000000000000e+00 0.000000000000000000e+00
6.250000000000000000e-01 0.000000000000000000e+00 0.000000000000000000e+00 0.000000000000000000e+00
6.350000000000000089e-01 0.000000000000000000e+00 0.000000000000000000e+00 0.000000000000000000e+00
6.450000000000000178e-01 0.000000000000000000e+00 0.000000000000000000e+00 0.000000000000000000e+00
6.550000000000000266e-01 0.000000000000000000e+00 0.000000000000000000e+00 0.000000000000000000e+00
6.650000000000000355e-01 0.000000000000000000e+00 0.000000000000000000e+00 0.000000000000000000e+00
6.750000000000000444e-01 0.000000000000000000e+00 0.000000000000000000e+00 0.000000000000000000e+00
6.850000000000000533e-01 0.000000000000000000e+00 0.000000000000000000e+00 0.000000000000000000e+00
6.950000000000000622e-01 0.000000000000000000e+00 0.000000000000000000e+00 0.000000000000000000e+00
7.050000000000000711e-01 0.000000000000000000e+00 0.000000000000000000e+00 0.000000000000000000e+00
7.149999999999999689e-01 0.000000000000000000e+00 0.000000000000000000e+00 0.000000000000000000e+00
7.249999999999999778e-01 0.000000000000000000e+00 0.000000000000000000e+00 0.000000000000000000e+00
7.349999999999999867e-01 0.000000000000000000e+00 0.000000000000000000e+00 0.000000000000000000e+00
7.449999999999999956e-01 0.000000000000000000e+00 0.000000000000000000e+00 0.000000000000000000e+00
7.550000000000000044e-01 0.000000000000000000e+00 0.000000000000000000e+00 0.000000000000000000e+00
7.650000000000000133e-01 0.000000000000000000e+00 0.000000000000000000e+00 0.000000000000000000e+00
7.750000000000000222e-01 0.000000000000000000e+00 0.000000000000000000e+00 0.000000000000000000e+00
7.850000000000000311e-01 0.000000000000000000e+00 0.000000000000000000e+00 0.000000000000000000e+00
7.950000000000000400e-01 0.000000000000000000e+00 0.000000000000000000e+00 0.000000000000000000e+00
8.050000000000000488e-01 0.000000000000000000e+00 0.000000000000000000e+00 0.000000000000000000e+00
8.150000000000000577e-01 0.000000000000000000e+00 0.000000000000000000e+00 0.000000000000000000e+00
8.250000000000000666e-01 0.000000000000000000e+00 0.000000000000000000e+00 0.000000000000000000e+00
8.349999999999999645e-01 0.000000000000000000e+00 0.000000000000000000e+00 0.000000000000000000e+00
8.449999999999999734e-01 0.000000000000000000e+00 0.000000000000000000e+00 0.000000000000000000e+00
8.549999999999999822e-01 0.000000000000000000e+00 0.000000000000000000e+00 0.000000000000000000e+00
8.649999999999999911e-01 0.000000000000000000e+00 0.000000000000000000e+00 0.000000000000000000e+00
8.750000000000000000e-01 0.000000000000000000e+00 0.000000000000000000e+00 0.000000000000000000e+00
8.850000000000000089e-01 0.000000000000000000e+00 0.000000000000000000e+00 0.000000000000000000e+00
8.950000000000000178e-01 0.000000000000000000e+00 0.000000000000000000e+00 0.000000000000000000e+00
9.050000000000000266e-01 0.000000000000000000e+00 0.000000000000000000e+00 0.000000000000000000e+00
9.150000000000000355e-01 0.000000000000000000e+00 0.000000000000000000e+00 0.000000000000000000e+00
9.250000000000000444e-01 0.000000000000000000e+00 0.000000000000000000e+00 0.000000000000000000e+00
9.350000000000000533e-01 0.000000000000000000e+00 0.000000000000000000e+00 0.000000000000000000e+00
9.450000000000000622e-01 0.000000000000000000e+00 0.000000000000000000e+00 0.000000000000000000e+00
9.550000000000000711e-01 0.000000000000000000e+00 0.000000000000000000e+00 0.000000000000000000e+00
9.649999999999999689e-01 0.000000000000000000e+00 0.000000000000000000e+00 0.000000000000000000e+00
9.749999999999999778e-01 0.000000000000000000e+00 0.000000000000000000e+00 0.000000000000000000e+00
9.849999999999999867e-01 0.000000000000000000e+00 0.000000000000000000e+00 0.000000000000000000e+00
9.949999999999999956e-01 0.000000000000000000e+00 0.000000000000000000e+00 0.000000000000000000e+00
1.004999999999999893e+00 0.000000000000000000e+00 0.000000000000000000e+00 0.000000000000000000e+00
1.015000000000000124e+00 0.000000000000000000e+00 0.000000000000000000e+00 0.000000000000000000e+00
1.024999999999999911e+00 0.000000000000000000e+00 0.000000000000000000e+00 0.000000000000000000e+00
1.035000000000000142e+00 0.000000000000000000e+00 0.000000000000000000e+00 0.000000000000000000e+00
1.044999999999999929e+00 0.000000000000000000e+00 0.000000000000000000e+00 0.000000000000000000e+00
1.055000000000000160e+00 0.000000000000000000e+00 0.000000000000000000e+00 0.000000000000000000e+00
1.064999999999999947e+00 0.000000000000000000e+00 0.000000000000000000e+00 0.000000000000000000e+00
1.075000000000000178e+00 0.000000000000000000e+00 0.000000000000000000e+00 0.000000000000000000e+00
1.084999999999999964e+00 0.000000000000000000e+00 0.000000000000000000e+00 0.000000000000000000e+00
1.095000000000000195e+00 0.000000000000000000e+00 0.000000000000000000e+00 0.000000000000000000e+00
1.104999999999999982e+00 0.000000000000000000e+00 0.000000000000000000e+00 0.000000000000000000e+00
1.115000000000000213e+00 0.000000000000000000e+00 0.000000000000000000e+00 0.000000000000000000e+00
1.125000000000000000e+00 0.000000000000000000e+00 0.000000000000000000e+00 0.000000000000000000e+00
1.135000000000000231e+00 0.000000000000000000e+00 0.000000000000000000e+00 0.000000000000000000e+00
1.145000000000000018e+00 0.000000000000000000e+00 0.000000000000000000e+00 0.000000000000000000e+00
1.155000000000000027e+00 0.000000000000000000e+00 0.000000000000000000e+00 0.000000000000000000e+00
1.165000000000000036e+00 0.000000000000000000e+00 0.000000000000000000e+00 0.000000000000000000e+00
1.174999999999999822e+00 0.000000000000000000e+00 0.000000000000000000e+00 0.000000000000000000e+00
1.185000000000000053e+00 0.000000000000000000e+00 0.000000000000000000e+00 0.000000000000000000e+00
1.194999999999999840e+00 0.000000000000000000e+00 0.000000000000000000e+00 0.000000000000000000e+00
1.205000000000000071e+00 0.000000000000000000e+00 0.000000000000000000e+00 0.000000000000000000e+00
1.214999999999999858e+00 0.000000000000000000e+00 0.000000000000000000e+00 0.000000000000000000e+00
1.225000000000000089e+00 0.000000000000000000e+00 0.000000000000000000e+00 0.000000000000000000e+00
1.234999999999999876e+00 0.000000000000000000e+00 0.000000000000000000e+00 0.000000000000000000e+00
1.245000000000000107e+00 0.000000000000000000e+00 0.000000000000000000e+00 0.000000000000000000e+00
1.254999999999999893e+00 0.000000000000000000e+00 0.000000000000000000e+00 0.000000000000000000e+00
1.265000000000000124e+00 0.000000000000000000e+00 0.000000000000000000e+00 0.000000000000000000e+00
1.274999999999999911e+00 0.000000000000000000e+00 0.000000000000000000e+00 0.000000000000000000e+00
1.285000000000000142e+00 0.000000000000000000e+00 0.000000000000000000e+00 0.000000000000000000e+00
1.294999999999999929e+00 0.000000000000000000e+00 0.000000000000000000e+00 0.000000000000000000e+00
1.305000000000000160e+00 0.000000000000000000e+00 0.000000000000000000e+00 0.000000000000000000e+00
1.314999999999999947e+00 0.000000000000000000e+00 0.000000000000000000e+00 0.000000000000000000e+00
1.325000000000000178e+00 0.000000000000000000e+00 0.000000000000000000e+00 0.000000000000000000e+00
1.334999999999999964e+00 0.000000000000000000e+00 0.000000000000000000e+00 0.000000000000000000e+00
1.345000000000000195e+00 0.000000000000000000e+00 0.000000000000000000e+00 0.000000000000000000e+00
1.354999999999999982e+00 0.000000000000000000e+00 0.000000000000000000e+00 0.000000000000000000e+00
1.365000000000000213e+00 0.000000000000000000e+00 0.000000000000000000e+00 0.000000000000000000e+00
1.375000000000000000e+00 0.000000000000000000e+00 0.000000000000000000e+00 0.000000000000000000e+00
1.385000000000000231e+00 0.000000000000000000e+00 0.000000000000000000e+00 0.000000000000000000e+00
1.395000000000000018e+00 0.000000000000000000e+00 0.000000000000000000e+00 0.000000000000000000e+00
1.405000000000000027e+00 0.000000000000000000e+00 0.000000000000000000e+00 0.000000000000000000e+00
1.415000000000000036e+00 0.000000000000000000e+00 0.000000000000000000e+00 0.000000000000000000e+00
1.424999999999999822e+00 0.000000000000000000e+00 0.000000000000000000e+00 0.000000000000000000e+00
1.435000000000000053e+00 0.000000000000000000e+00 0.000000000000000000e+00 0.000000000000000000e+00
1.444999999999999840e+00 0.000000000000000000e+00 0.000000000000000000e+00 0.000000000000000000e+00
1.455000000000000071e+00 0.000000000000000000e+00 0.000000000000000000e+00 0.000000000000000000e+00
1.464999999999999858e+00 0.000000000000000000e+00 0.000000000000000000e+00 0.000000000000000000e+00
1.475000000000000089e+00 0.000000000000000000e+00 0.000000000000000000e+00 0.000000000000000000e+00
1.484999999999999876e+00 0.000000000000000000e+00 0.000000000000000000e+00 0.000000000000000000e+00
1.495000000000000107e+00 0.000000000000000000e+00 0.000000000000000000e+00 0.000000000000000000e+00
1.504999999999999893e+00 2.198278626453230994e-03 0.000000000000000000e+00 0.000000000000000000e+00
1.515000000000000124e+00 9.400534965194985021e-03 0.000000000000000000e+00 0.000000000000000000e+00
1.524999999999999911e+00 5.994791476902014415e-02 0.000000000000000000e+00 0.000000000000000000e+00
1.535000000000000142e+00 2.077972227518251336e-01 0.000000000000000000e+00 0.000000000000000000e+00
1.544999999999999929e+00 6.216057651984810972e-01 0.000000000000000000e+00 0.000000000000000000e+00
1.555000000000000160e+00 1.530659385561545793e+00 0.000000000000000000e+00 0.000000000000000000e+00
1.564999999999999947e+00 3.409937595617577699e+00 0.000000000000000000e+00 0.000000000000000000e+00
1.575000000000000178e+00 6.730872236039333600e+00 0.000000000000000000e+00 0.000000000000000000e+00
1.584999999999999964e+00 1.137254720069748259e+01 0.000000000000000000e+00 0.000000000000000000e+00
1.595000000000000195e+00 1.719135896398326935e+01 0.000000000000000000e+00 0.000000000000000000e+00
1.604999999999999982e+00 2.319846696467561742e+01 0.000000000000000000e+00 0.000000000000000000e+00
1.615000000000000213e+00 2.832287046377927098e+01 0.000000000000000000e+00 0.000000000000000000e+00
1.625000000000000000e+00 3.096465452943754215e+01 0.000000000000000000e+00 0.000000000000000000e+00
1.635000000000000231e+00 3.131097189722609286e+01 0.000000000000000000e+00 0.000000000000000000e+00
1.645000000000000018e+00 2.868907025940771405e+01 0.000000000000000000e+00 0.000000000000000000e+00
1.655000000000000249e+00 2.453440538655489433e+01 0.000000000000000000e+00 0.000000000000000000e+00
1.665000000000000036e+00 1.934325348608776096e+01 0.000000000000000000e+00 0.000000000000000000e+00
1.674999999999999822e+00 1.474897970279180370e+01 0.000000000000000000e+00 0.000000000000000000e+00
1.685000000000000053e+00 1.020596411638831569e+01 0.000000000000000000e+00 0.000000000000000000e+00
1.694999999999999840e+00 6.780928773280847643e+00 0.000000000000000000e+00 0.000000000000000000e+00
1.705000000000000071e+00 4.259165768243183159e+00 0.000000000000000000e+00 0.000000000000000000e+00
1.714999999999999858e+00 2.555127945641100684e+00 0.000000000000000000e+00 0.000000000000000000e+00
1.725000000000000089e+00 1.505982925030542097e+00 0.000000000000000000e+00 0.000000000000000000e+00
1.734999999999999876e+00 8.369649973727572023e-01 0.000000000000000000e+00 0.000000000000000000e+00
1.745000000000000107e+00 5.003642827365825108e-01 0.000000000000000000e+00 0.000000000000000000e+00
1.754999999999999893e+00 2.737435866384388405e-01 0.000000000000000000e+00 0.000000000000000000e+00
1.765000000000000124e+00 1.667590454794477262e-01 0.000000000000000000e+00 0.000000000000000000e+00
1.774999999999999911e+00 1.211617684906870634e-01 0.000000000000000000e+00 0.000000000000000000e+00
1.785000000000000142e+00 8.282380259766905506e-02 0.000000000000000000e+00 0.000000000000000000e+00
1.794999999999999929e+00 6.902562934264620809e-02 0.000000000000000000e+00 0.000000000000000000e+00
1.805000000000000160e+00 5.043305361810102028e-02 0.000000000000000000e+00 0.000000000000000000e+00
1.814999999999999947e+00 3.577169938884343370e-02 0.000000000000000000e+00 0.000000000000000000e+00
1.825000000000000178e+00 3.637739576900258370e-02 0.000000000000000000e+00 0.000000000000000000e+00
1.834999999999999964e+00 2.365939215054404729e-02 0.000000000000000000e+00 0.000000000000000000e+00
1.845000000000000195e+00 2.584149356832554298e-02 0.000000000000000000e+00 0.000000000000000000e+00
1.854999999999999982e+00 1.543464456745992537e-02 0.000000000000000000e+00 0.000000000000000000e+00
1.865000000000000213e+00 1.383804721570960211e-02 0.000000000000000000e+00 0.000000000000000000e+00
1.875000000000000000e+00 1.133034620218533947e-02 0.000000000000000000e+00 0.000000000000000000e+00
1.885000000000000231e+00 4.671020500983592838e-03 0.000000000000000000e+00 0.000000000000000000e+00
1.895000000000000018e+00 4.621852206433380884e-03 0.000000000000000000e+00 0.000000000000000000e+00
1.905000000000000249e+00 4.573456181648631949e-03 0.000000000000000000e+00 0.000000000000000000e+00
1.915000000000000036e+00 3.168071436501769360e-03 0.000000000000000000e+00 0.000000000000000000e+00
1.924999999999999822e+00 1.343675100929595098e-03 0.000000000000000000e+00 0.000000000000000000e+00
1.935000000000000053e+00 1.773097163723593665e-03 0.000000000000000000e+00 0.000000000000000000e+00
1.944999999999999840e+00 4.387279179917508956e-04 0.000000000000000000e+00 0.000000000000000000e+00
1.955000000000000071e+00 0.000000000000000000e+00 0.000000000000000000e+00 0.000000000000000000e+00
1.964999999999999858e+00 0.000000000000000000e+00 0.000000000000000000e+00 0.000000000000000000e+00
1.975000000000000089e+00 0.000000000000000000e+00 0.000000000000000000e+00 0.000000000000000000e+00
1.984999999999999876e+00 0.000000000000000000e+00 0.000000000000000000e+00 0.000000000000000000e+00
1.995000000000000107e+00 0.000000000000000000e+00 0.000000000000000000e+00 0.000000000000000000e+00
2.004999999999999893e+00 0.000000000000000000e+00 0.000000000000000000e+00 0.000000000000000000e+00
2.015000000000000124e+00 0.000000000000000000e+00 0.000000000000000000e+00 0.000000000000000000e+00
2.025000000000000355e+00 0.000000000000000000e+00 0.000000000000000000e+00 0.000000000000000000e+00
2.035000000000000142e+00 0.000000000000000000e+00 0.000000000000000000e+00 0.000000000000000000e+00
2.044999999999999929e+00 0.000000000000000000e+00 0.000000000000000000e+00 0.000000000000000000e+00
2.054999999999999716e+00 0.000000000000000000e+00 0.000000000000000000e+00 0.000000000000000000e+00
2.064999999999999947e+00 0.000000000000000000e+00 0.000000000000000000e+00 0.000000000000000000e+00
2.075000000000000178e+00 0.000000000000000000e+00 0.000000000000000000e+00 0.000000000000000000e+00
2.084999999999999964e+00 0.000000000000000000e+00 0.000000000000000000e+00 0.000000000000000000e+00
2.094999999999999751e+00 0.000000000000000000e+00 0.000000000000000000e+00 0.000000000000000000e+00
2.104999999999999982e+00 0.000000000000000000e+00 0.000000000000000000e+00 0.000000000000000000e+00
2.115000000000000213e+00 0.000000000000000000e+00 0.000000000000000000e+00 0.000000000000000000e+00
2.125000000000000000e+00 0.000000000000000000e+00 0.000000000000000000e+00 0.000000000000000000e+00
2.134999999999999787e+00 0.000000000000000000e+00 0.000000000000000000e+00 0.000000000000000000e+00
2.145000000000000018e+00 0.000000000000000000e+00 3.607280295066302048e-04 0.000000000000000000e+00
2.155000000000000249e+00 0.000000000000000000e+00 0.000000000000000000e+00 0.000000000000000000e+00
2.165000000000000036e+00 0.000000000000000000e+00 0.000000000000000000e+00 0.000000000000000000e+00
2.174999999999999822e+00 0.000000000000000000e+00 0.000000000000000000e+00 0.000000000000000000e+00
2.185000000000000053e+00 0.000000000000000000e+00 0.000000000000000000e+00 0.000000000000000000e+00
2.195000000000000284e+00 0.000000000000000000e+00 0.000000000000000000e+00 0.000000000000000000e+00
2.205000000000000071e+00 0.000000000000000000e+00 3.413636667768559689e-04 0.000000000000000000e+00
2.214999999999999858e+00 0.000000000000000000e+00 0.000000000000000000e+00 0.000000000000000000e+00
2.225000000000000089e+00 0.000000000000000000e+00 6.705087466575404814e-04 0.000000000000000000e+00
2.235000000000000320e+00 0.000000000000000000e+00 0.000000000000000000e+00 2.658088365526266230e-03
2.245000000000000107e+00 0.000000000000000000e+00 1.975845772940502780e-03 1.317230515293668592e-03
2.254999999999999893e+00 0.000000000000000000e+00 2.284753914430155772e-03 1.305573665388660379e-03
2.265000000000000124e+00 0.000000000000000000e+00 2.588141739531101253e-03 0.000000000000000000e+00
2.275000000000000355e+00 0.000000000000000000e+00 3.527478420783609469e-03 3.848158277218482939e-03
2.285000000000000142e+00 0.000000000000000000e+00 4.450308413724825274e-03 3.814550068906993278e-03
2.294999999999999929e+00 0.000000000000000000e+00 6.302300376249374801e-03 1.260460075249874830e-03
2.305000000000000160e+00 0.000000000000000000e+00 9.683989655757885978e-03 7.497282314135137252e-03
2.314999999999999947e+00 0.000000000000000000e+00 8.671426016802952566e-03 1.238775145257564776e-02
2.325000000000000178e+00 0.000000000000000000e+00 1.013217093392614586e-02 1.719398703938982212e-02
2.334999999999999964e+00 0.000000000000000000e+00 1.369850669923443343e-02 6.088225199659747996e-03
2.344999999999999751e+00 0.000000000000000000e+00 1.871287333328473801e-02 1.810923225801748526e-02
2.354999999999999982e+00 0.000000000000000000e+00 2.543733357975544104e-02 2.394101983976982401e-02
2.365000000000000213e+00 0.000000000000000000e+00 2.700309750786489271e-02 1.899118945608080367e-02
2.375000000000000000e+00 0.000000000000000000e+00 4.325383202184673870e-02 2.236252539905001641e-02
2.384999999999999787e+00 0.000000000000000000e+00 6.127410979905965199e-02 8.169881306541287511e-03
2.395000000000000018e+00 0.000000000000000000e+00 7.320554330500093909e-02 8.101799259051486665e-03
2.405000000000000249e+00 0.000000000000000000e+00 1.084666234639651006e-01 8.034564701034451958e-03
2.415000000000000036e+00 0.000000000000000000e+00 1.462727179640397612e-01 6.829854535285903062e-03
2.424999999999999822e+00 0.000000000000000000e+00 1.868396246075905154e-01 2.257880659910459480e-03
2.435000000000000053e+00 0.000000000000000000e+00 2.706842741599514990e-01 2.239373519420488189e-03
2.445000000000000284e+00 0.000000000000000000e+00 3.667579809167980098e-01 2.221092995711116021e-03
2.455000000000000071e+00 2.753794254977776578e-04 4.799863386426264089e-01 1.101517701991110631e-03
2.464999999999999858e+00 2.731496417530199575e-04 6.399896106273257335e-01 0.000000000000000000e+00
2.475000000000000089e+00 2.709468310516466522e-04 8.217817385796442053e-01 0.000000000000000000e+00
2.485000000000000320e+00 5.375411201893832893e-04 1.041217149806835440e+00 1.075082240378766579e-03
2.495000000000000107e+00 2.666204042490982989e-04 1.270712846651202543e+00 0.000000000000000000e+00
2.504999999999999893e+00 5.289918946811346563e-04 1.566080504203499091e+00 0.000000000000000000e+00
2.515000000000000124e+00 7.871903443564819179e-04 1.923106011262885273e+00 0.000000000000000000e+00
2.525000000000000355e+00 1.041290026913905837e-03 2.254132585761877472e+00 0.000000000000000000e+00
2.535000000000000142e+00 5.165454623704408528e-04 2.641096949100063984e+00 0.000000000000000000e+00
2.544999999999999929e+00 2.049976564192039670e-03 3.078808552345919658e+00 0.000000000000000000e+00
2.555000000000000160e+00 2.542451479522126693e-03 3.531465105056233789e+00 0.000000000000000000e+00
2.564999999999999947e+00 1.765866158054360882e-03 3.955287927447760588e+00 0.000000000000000000e+00
2.575000000000000178e+00 1.001244185554600206e-03 4.435511742006879032e+00 0.000000000000000000e+00
2.584999999999999964e+00 1.490268898722275741e-03 4.875414702169925008e+00 9.935125991481839718e-04
2.594999999999999751e+00 1.971740445823403839e-03 5.300038318373308854e+00 4.929351114558509599e-03
2.604999999999999982e+00 2.445789224119780322e-03 5.622869426251375202e+00 3.913262758591648516e-03
2.615000000000000213e+00 2.184407231064594297e-03 5.999595816076189969e+00 3.883390633003723676e-03
2.625000000000000000e+00 2.890394439332995020e-03 6.257463094952656846e+00 4.817324065554991555e-03
2.634999999999999787e+00 3.585621988256343286e-03 6.546150543226664453e+00 1.051782449888527364e-02
2.645000000000000018e+00 3.558560786934172448e-03 6.504574643744076567e+00 1.233634406137179736e-02
2.655000000000000249e+00 4.002712090442667528e-03 6.586815925301978680e+00 2.166173601886620462e-02
2.665000000000000036e+00 4.206419294698967790e-03 6.583279886164701722e+00 2.710803545472668247e-02
2.674999999999999822e+00 6.262542323408517263e-03 6.428383721972854126e+00 3.525579382067017126e-02
2.685000000000000053e+00 8.287974442549198711e-03 6.271464216374520895e+00 3.867721406522959399e-02
2.695000000000000284e+00 7.998066076961870760e-03 6.056821181996411063e+00 4.296104064196662464e-02
2.705000000000000071e+00 7.031721108070975237e-03 5.710438028893122464e+00 6.260500083314804454e-02
2.714999999999999858e+00 1.058260710426760058e-02 5.414241924025930075e+00 6.934985081094512116e-02
2.725000000000000089e+00 1.005805446521113554e-02 5.009581660639493172e+00 7.778228786429944308e-02
2.735000000000000320e+00 8.653353154011941134e-03 4.688786124373854669e+00 1.038402378481432797e-01
2.745000000000000107e+00 1.189442753353573724e-02 4.272302156304799148e+00 1.189442753353573690e-01
2.754999999999999893e+00 1.443228882769279943e-02 3.845986301537287044e+00 1.618165717044344198e-01
2.765000000000000124e+00 1.389390052555517126e-02 3.447858252294800252e+00 2.023299264033971701e-01
2.775000000000000355e+00 1.918220439178717346e-02 3.001691691735056011e+00 2.276000880643511970e-01
2.785000000000000142e+00 1.754680039849036352e-02 2.689154153754004906e+00 2.679096841330479983e-01
2.794999999999999929e+00 2.315780304514143684e-02 2.349773409901507293e+00 3.118867419290607956e-01
2.805000000000000160e+00 2.193825552459699457e-02 2.093204899717076906e+00 3.780130182699790176e-01
2.814999999999999947e+00 2.597163969512881337e-02 1.738214821208661665e+00 4.406800799883147102e-01
2.825000000000000178e+00 2.641200064017722518e-02 1.497373264639968671e+00 5.157619022648781693e-01
2.834999999999999964e+00 2.953006435932629958e-02 1.302007383115750372e+00 6.310760607139941358e-01
2.844999999999999751e+00 2.993800087920021891e-02 1.109346470934747808e+00 7.349164051442026446e-01
2.854999999999999982e+00 3.319019941168149801e-02 9.315654129352323176e-01 8.763841611526207442e-01
2.865000000000000213e+00 3.963157219305094708e-02 8.241749400963043204e-01 9.365991959092447861e-01
2.875000000000000000e+00 4.357310596421701959e-02 6.935553364073989702e-01 1.120451296222723325e+00
2.884999999999999787e+00 5.184611221128749420e-02 5.996202285359288897e-01 1.216389555726360427e+00
2.895000000000000018e+00 5.030035648599411047e-02 5.150835717325616958e-01 1.358505690920943199e+00
2.905000000000000249e+00 5.310140023633069806e-02 4.366115130542746470e-01 1.567868009940845742e+00
2.915000000000000036e+00 5.293301787481929227e-02 3.988532195586014795e-01 1.796206761538148511e+00
2.924999999999999822e+00 5.218371836627248156e-02 3.712997656247045697e-01 1.816536575396934916e+00
2.935000000000000053e+00 6.069163329465319945e-02 3.173305397977581599e-01 2.053111252024839573e+00
2.945000000000000284e+00 7.176210211953484852e-02 3.006353664794379488e-01 2.179271517166033956e+00
2.955000000000000071e+00 7.374816821994535643e-02 2.951827454782864346e-01 2.361461963826291477e+00
2.964999999999999858e+00 8.118084035423046851e-02 2.797907102441152261e-01 2.617421327141979503e+00
2.975000000000000089e+00 8.569919498973907479e-02 2.689116971888092511e-01 2.707119428603661504e+00
2.985000000000000320e+00 9.481206244713440145e-02 2.548190597793317247e-01 2.934144612312890033e+00
2.995000000000000107e+00 9.732548423347210653e-02 2.588561833510027999e-01 3.168444091281323871e+00
3.004999999999999893e+00 1.010900052965976181e-01 2.582390135303993528e-01 3.246643370107455073e+00
3.015000000000000124e+00 1.097322594169458793e-01 2.620063099223249869e-01 3.474915742468076552e+00
3.025000000000000355e+00 1.162630612812606823e-01 2.666251171348724136e-01 3.652219971855639624e+00
3.035000000000000142e+00 1.318949515613030421e-01 2.682945121240167263e-01 3.787475248386052318e+00
3.044999999999999929e+00 1.392641989819331239e-01 2.665352085913861302e-01 4.079116409254874398e+00
3.055000000000000160e+00 1.403101395385768502e-01 2.888005913949921455e-01 4.142083358849850683e+00
3.065000000000000391e+00 1.482297873603264926e-01 2.978729695941721989e-01 4.303787389865975754e+00
3.075000000000000178e+00 1.581499406381523531e-01 2.866357969612683965e-01 4.440134182444730904e+00
3.084999999999999964e+00 1.672409989256692653e-01 3.036147853280398157e-01 4.593459761941739217e+00
3.094999999999999751e+00 1.876470029636090608e-01 3.032153787500608266e-01 4.698972040972370756e+00
3.104999999999999982e+00 2.019339244468251193e-01 3.047084793443141093e-01 4.743811783509559454e+00
3.115000000000000213e+00 2.156917167181526818e-01 3.114786805263727310e-01 4.908397702572647958e+00
3.125000000000000000e+00 2.255305411544991645e-01 3.222350459901510145e-01 4.955893428835866921e+00
3.134999999999999787e+00 2.387859675874831611e-01 3.352122670870962273e-01 5.041187202561207670e+00
3.145000000000000018e+00 2.438140885185266227e-01 3.470113799424040524e-01 5.004481332399544513e+00
3.155000000000000249e+00 2.611124098995656340e-01 3.489835721071461450e-01 4.988147416702046755e+00
3.165000000000000036e+00 2.780219021066340779e-01 3.583798416308995316e-01 4.997766778989576331e+00
3.174999999999999822e+00 2.873045173311671863e-01 3.536562196145255355e-01 4.925502544687218709e+00
3.185000000000000053e+00 3.208434686065241848e-01 3.789257895424323896e-01 4.670800276276925622e+00
3.195000000000000284e+00 3.316827800872270138e-01 3.681028500575891926e-01 4.586327382696323340e+00
3.205000000000000071e+00 3.436733883076122376e-01 3.881069481499222484e-01 4.356750936683805975e+00
3.214999999999999858e+00 3.526183133190107788e-01 3.950095859584547009e-01 3.934038559342333485e+00
3.225000000000000089e+00 3.818719361511503929e-01 3.782016250222425269e-01 3.643501899792338072e+00
3.235000000000000320e+00 4.025107931092131719e-01 3.947397021468997957e-01 3.129370752415679302e+00
3.245000000000000107e+00 4.140617878410422503e-01 4.107518154220616835e-01 2.790464366934835017e+00
3.254999999999999893e+00 4.394053721345522745e-01 4.000860322394461654e-01 2.349761348313113896e+00
3.265000000000000124e+00 4.395203515099520564e-01 4.308015630988442646e-01 1.918133450443715526e+00
3.275000000000000355e+00 4.577307020560459350e-01 4.210565383010483331e-01 1.595094008381920725e+00
3.285000000000000142e+00 4.953982401993799467e-01 4.315701527474263277e-01 1.269179223261497347e+00
3.294999999999999929e+00 5.104345508154325417e-01 4.550954350936037285e-01 9.759251789175565905e-01
3.305000000000000160e+00 5.150996479314950971e-01 4.403418229219683844e-01 7.153655287496988313e-01
3.315000000000000391e+00 5.455256288994176916e-01 4.438814571803401110e-01 5.370678672110545948e-01
3.325000000000000178e+00 5.698720892507642688e-01 4.577291886526818621e-01 3.843183742049411378e-01
3.334999999999999964e+00 5.889927274173155647e-01 4.628972486568312394e-01 2.662181468742059742e-01
3.344999999999999751e+00 6.109898986726995940e-01 4.641387212786785565e-01 1.963949079491755789e-01
3.354999999999999982e+00 6.405296678389990062e-01 4.619658032549686655e-01 1.303471975989123066e-01
3.365000000000000213e+00 6.609134356122916554e-01 4.769599289160338929e-01 9.263634759524690121e-02
3.375000000000000000e+00 6.714279230924645736e-01 4.786546717358390324e-01 5.536949018557650593e-02
3.384999999999999787e+00 7.093282236613228653e-01 4.813350392539464950e-01 3.824027997684077002e-02
3.395000000000000018e+00 7.176834954715388681e-01 4.730317581508838853e-01 2.822350824888074372e-02
3.405000000000000249e+00 7.486898386586785525e-01 5.027531000706078057e-01 1.946879886378207955e-02
3.415000000000000036e+00 7.784673328052978958e-01 4.975359772371703015e-01 1.138526263700618581e-02
3.424999999999999822e+00 8.170813906610511212e-01 5.017091967591492674e-01 3.961606742599035544e-03
3.435000000000000053e+00 8.176761353595511927e-01 5.110300016792103106e-01 5.626534562942034877e-03
3.445000000000000284e+00 8.499956942252311354e-01 5.005157271523695828e-01 4.475133631985422390e-03
3.455000000000000071e+00 8.699705155202714923e-01 5.289064793094314654e-01 5.005424094411023775e-03
3.464999999999999858e+00 8.920509697838143737e-01 5.172872662220724393e-01 6.635432597183184115e-03
3.475000000000000089e+00 9.010809526574925510e-01 5.345185821972221474e-01 3.298649003017056075e-03
3.485000000000000320e+00 9.619220559785158775e-01 5.386982163186971873e-01 8.199364023115635058e-03
3.495000000000000107e+00 9.558818690582971955e-01 5.437724577073639320e-01 7.065509195597933015e-03
3.504999999999999893e+00 1.014473115263763825e+00 5.174366801784812120e-01 9.727269183511919395e-03
3.515000000000000124e+00 1.058681078857942159e+00 5.369303733276480362e-01 1.182133421386865994e-02
3.525000000000000355e+00 1.078729486485787481e+00 5.274768130426417123e-01 1.228864694857509203e-02
3.535000000000000142e+00 1.088041824040652861e+00 5.453490880750635483e-01 7.969056328422751204e-03
3.544999999999999929e+00 1.107533474861615463e+00 5.578608869324426234e-01 1.373521123129120038e-02
3.555000000000000160e+00 1.128364828793003927e+00 5.586666645350836236e-01 1.523397580772677465e-02
3.565000000000000391e+00 1.156389073980701010e+00 5.535780106837031589e-01 2.089466423906405010e-02
3.575000000000000178e+00 1.204990338885127743e+00 5.597056105824874672e-01 1.766124432464461630e-02
3.584999999999999964e+00 1.235340099604268715e+00 5.515510731141366474e-01 2.014562570962428675e-02
3.594999999999999751e+00 1.221799210398812452e+00 5.633837645595533017e-01 2.157476007431159346e-02
3.604999999999999982e+00 1.236102356120277745e+00 5.565589490621107860e-01 2.503110463886501144e-02
3.615000000000000213e+00 1.262040142608801263e+00 5.569131554130617445e-01 1.828859620968777133e-02
3.625000000000000000e+00 1.269485467577640136e+00 5.715273844183486052e-01 2.576609644670566079e-02
3.634999999999999787e+00 1.317527647874476848e+00 5.725322737164521003e-01 2.662940807983497915e-02
3.645000000000000018e+00 1.314930451080648988e+00 5.911315689258627160e-01 3.397882222059058627e-02
3.655000000000000249e+00 1.330480882034249968e+00 5.959769157828272990e-01 3.578097805825605077e-02
3.665000000000000036e+00 1.388841981521211189e+00 5.855624688993790183e-01 3.360898745318233877e-02
3.674999999999999822e+00 1.375026504323847210e+00 6.048691084352467717e-01 3.686727601190045028e-02
3.685000000000000053e+00 1.402896780305607383e+00 6.063574601059520397e-01 4.057864881176700272e-02
3.695000000000000284e+00 1.412332552457782109e+00 6.024720373541718743e-01 4.570812874196299863e-02
3.705000000000000071e+00 1.421404333796324471e+00 6.072041990749524887e-01 4.836353636598585831e-02
3.714999999999999858e+00 1.450922356374623856e+00 5.914327516494322090e-01 5.243283442845719095e-02
3.725000000000000089e+00 1.469936156577852815e+00 6.118254895350083711e-01 5.645779688377789568e-02
3.735000000000000320e+00 1.445419143213895419e+00 6.313967728237832588e-01 6.281844658959064021e-02
3.745000000000000107e+00 1.463626671502579857e+00 6.153669705541248147e-01 7.242395884213929935e-02
3.754999999999999893e+00 1.501983888810061174e+00 6.212751540077980916e-01 7.815966317945773068e-02
3.765000000000000124e+00 1.508183209955138881e+00 6.204380738725472355e-01 7.633999323738456522e-02
3.775000000000000355e+00 1.533279870041712734e+00 6.194846660654668158e-01 8.898031300507926178e-02
3.785000000000000142e+00 1.550676089342764241e+00 6.291910228778896386e-01 1.014861601990482975e-01
3.794999999999999929e+00 1.559224745612429741e+00 6.346378916546674409e-01 1.078665455944740753e-01
3.805000000000000160e+00 1.562962110498688384e+00 6.444897304696807216e-01 1.059246728840243651e-01
3.815000000000000391e+00 1.570402131977579829e+00 6.428259979636640198e-01 1.245282933788045276e-01
3.825000000000000178e+00 1.591582937018017008e+00 6.453681631286884990e-01 1.465662975500554577e-01
3.834999999999999964e+00 1.607443478008178106e+00 6.576931051552696861e-01 1.318094623921336750e-01
3.844999999999999751e+00 1.644335661951262351e+00 6.495614214549056964e-01 1.459436308142719463e-01
3.854999999999999982e+00 1.639389647248541193e+00 6.592626941690945541e-01 1.670772472432602851e-01
3.865000000000000213e+00 1.672359708122826083e+00 6.697438427162101249e-01 1.773243485360105065e-01
3.875000000000000000e+00 1.653901894738220912e+00 6.723708631753390064e-01 1.887899776925002493e-01
3.884999999999999787e+00 1.673549464793677721e+00 6.574776430778237479e-01 2.093723753838729607e-01
3.895000000000000018e+00 1.709493203281820195e+00 6.943653757346545108e-01 2.258027628038958567e-01
3.905000000000000249e+00 1.716857470510328332e+00 6.749228587951404679e-01 2.237770355882613693e-01
3.915000000000000036e+00 1.735602565661219954e+00 7.036402215913780678e-01 2.568535865827560327e-01
3.924999999999999822e+00 1.711471685285625766e+00 7.022140529202888226e-01 2.365851580566054602e-01
3.935000000000000053e+00 1.742872230846663761e+00 7.037945306112666222e-01 2.718280428921979741e-01
3.945000000000000284e+00 1.792808966280144967e+00 7.038569494645742219e-01 2.896477992039065974e-01
3.955000000000000071e+00 1.781844475134565897e+00 7.117616113382164711e-01 2.941268912685652825e-01
3.964999999999999858e+00 1.794721314231724207e+00 6.904398467691456043e-01 3.255835607700374723e-01
3.975000000000000089e+00 1.838748500627209959e+00 7.288817963925855459e-01 3.218466384416893145e-01
3.985000000000000320e+00 1.820334427485142959e+00 7.124774526133214048e-01 3.511697580725773871e-01
3.995000000000000107e+00 1.853141640601467799e+00 7.093310398733226885e-01 3.614770113765826132e-01
4.004999999999999893e+00 1.863455558419081060e+00 7.118981754635613779e-01 3.861633707601760390e-01
4.015000000000000568e+00 1.896912542873608665e+00 7.076356875363826182e-01 4.044220836087459303e-01
4.025000000000000355e+00 1.893030781545194330e+00 7.242036256490409496e-01 4.081521070286857067e-01
4.035000000000000142e+00 1.928717124337834044e+00 7.293853607102115388e-01 4.265196854243920588e-01
4.044999999999999929e+00 1.925278844373780718e+00 7.304495763085139259e-01 4.670170600367168356e-01
4.054999999999999716e+00 1.949507868740076422e+00 7.446163170599329195e-01 4.651202370898970817e-01
4.065000000000000391e+00 1.983017414611030205e+00 7.510014288125752557e-01 4.829229463328690297e-01
4.075000000000000178e+00 2.006180037446108066e+00 7.392241708325735239e-01 4.881518185973890422e-01
4.084999999999999964e+00 2.030484810519938232e+00 7.577890654592902564e-01 5.132158521813804386e-01
4.094999999999999751e+00 2.033446805695827475e+00 7.539935636792802764e-01 5.344664273914562225e-01
4.105000000000000426e+00 2.072109063459944167e+00 7.618482558162689156e-01 5.582619151863752460e-01
4.115000000000000213e+00 2.118605245638764512e+00 7.532491932793848877e-01 5.771153220597291522e-01
4.125000000000000000e+00 2.120343196824250320e+00 7.550637909014868976e-01 6.254319890531370163e-01
4.134999999999999787e+00 2.132717235932939381e+00 7.704417960766346551e-01 6.297878761427749827e-01
4.144999999999999574e+00 2.164847304671301931e+00 7.507895248507522323e-01 6.290712024997553442e-01
4.155000000000000249e+00 2.153478025890291914e+00 7.729447914356225580e-01 6.537344007166957516e-01
4.165000000000000036e+00 2.213854410828800301e+00 7.662716615380034124e-01 6.923138647632653964e-01
4.174999999999999822e+00 2.205927940334011961e+00 7.772689505307782687e-01 7.095685678494866311e-01
4.185000000000000497e+00 2.142899189383388414e+00 7.663567746227153421e-01 7.171742389445665555e-01
4.195000000000000284e+00 2.126470278464138275e+00 7.597837656143655582e-01 7.092321148733898850e-01
4.205000000000000071e+00 2.131762113559416694e+00 7.929693247919489263e-01 7.272640066865554420e-01
4.214999999999999858e+00 2.092325146162157257e+00 7.876230435903535110e-01 7.361486874026789140e-01
4.224999999999999645e+00 2.066068209480042217e+00 7.982177030010424446e-01 7.806448263712000291e-01
4.235000000000000320e+00 2.015697730609395943e+00 8.050945852677322545e-01 8.073155358477812626e-01
4.245000000000000107e+00 1.969186248094588754e+00 7.974375367634681799e-01 7.990954110602737082e-01
4.254999999999999893e+00 1.929414574088009537e+00 8.171616626322286692e-01 7.949771077346519110e-01
4.265000000000000568e+00 1.859792602587698518e+00 8.184437838007975197e-01 8.273855330552544185e-01
4.275000000000000355e+00 1.787349181200061921e+00 8.380498066213186714e-01 8.278784175509255050e-01
4.285000000000000142e+00 1.745842481827317938e+00 8.185049017783143643e-01 8.236572794040861734e-01
4.294999999999999929e+00 1.668173815682157057e+00 8.436689428645481881e-01 8.255845387357463316e-01
4.304999999999999716e+00 1.602580572447698248e+00 8.204102053195508892e-01 8.547096386387723621e-01
4.315000000000000391e+00 1.529554149743846958e+00 8.446911313580449665e-01 8.682241050472095933e-01
4.325000000000000178e+00 1.475197049351695933e+00 8.625279993232187747e-01 8.865733740600352242e-01
4.334999999999999964e+00 1.394298909900996364e+00 8.612028042341556278e-01 8.962656196665174102e-01
4.345000000000000639e+00 1.311052064610357615e+00 8.494189665570492931e-01 8.545179419307098456e-01
4.355000000000000426e+00 1.252794544505239971e+00 8.669625281093471525e-01 8.887525421902219280e-01
4.365000000000000213e+00 1.168139646967564005e+00 8.919151264206479635e-01 9.129085384205870568e-01
4.375000000000000000e+00 1.131069151999787525e+00 8.788244292791970169e-01 9.458526763273291671e-01
4.384999999999999787e+00 1.056517523962794192e+00 8.886313651304710293e-01 9.163390550971423076e-01
4.394999999999999574e+00 9.895918057748362973e-01 8.818425547162580536e-01 9.307335625729813433e-01
4.405000000000000249e+00 9.563641864511649437e-01 8.990558951603787596e-01 9.668849623149958772e-01
4.415000000000000036e+00 9.097183311842839126e-01 8.926036377578480119e-01 9.260666950543121612e-01
4.424999999999999822e+00 8.679763441298740112e-01 8.933205752719474146e-01 9.707094817358707939e-01
4.435000000000000497e+00 8.503967429728607197e-01 9.074386360319651734e-01 9.676870260381789102e-01
4.445000000000000284e+00 8.093617403911452790e-01 9.210847413999904143e-01 9.798023186219323444e-01
4.455000000000000071e+00 7.825680385744783196e-01 9.381115897337569676e-01 9.837711482998677814e-01
4.464999999999999858e+00 7.554232218041170288e-01 9.394920716397907601e-01 9.846975829291488846e-01
4.474999999999999645e+00 7.455861808517261213e-01 9.544431368039659747e-01 1.044284779761199378e+00
4.485000000000000320e+00 7.270006329412723733e-01 9.705718358061726780e-01 1.004318658967332523e+00
4.495000000000000107e+00 7.001942360889615857e-01 9.628081465507647430e-01 1.041584105303617225e+00
4.504999999999999893e+00 6.933273048770909330e-01 9.717050054906338774e-01 1.053648147680636971e+00
4.515000000000000568e+00 6.886311341682008758e-01 9.989955091326347958e-01 1.033679460794452387e+00
4.525000000000000355e+00 6.752153656229291645e-01 1.008121668937859594e+00 1.071590292141071155e+00
4.535000000000000142e+00 6.534374766315224070e-01 1.003115701436312790e+00 1.113353517056747455e+00
4.544999999999999929e+00 6.605281875971622529e-01 1.025461775733193193e+00 1.110066590419948040e+00
4.554999999999999716e+00 6.513116071782434346e-01 1.040722673715174018e+00 1.130156028766178267e+00
4.565000000000000391e+00 6.509301947488523865e-01 1.047158962505556179e+00 1.133493029691137410e+00
4.575000000000000178e+00 6.520525173884291759e-01 1.067802407777281859e+00 1.162164866209998593e+00
4.584999999999999964e+00 6.575011533445708212e-01 1.063623383508412346e+00 1.181101975748652722e+00
4.595000000000000639e+00 6.601449743052931751e-01 1.077314464497980850e+00 1.179425481599978509e+00
4.605000000000000426e+00 6.543068859530161152e-01 1.089937523179629553e+00 1.190275014542281129e+00
4.615000000000000213e+00 6.425906502278141419e-01 1.115688859969878211e+00 1.207877162082357403e+00
4.625000000000000000e+00 6.549451170515415699e-01 1.128327436579021237e+00 1.182485912079788370e+00
4.634999999999999787e+00 6.596159611315726146e-01 1.122305114471580545e+00 1.232704646968303175e+00
4.644999999999999574e+00 6.601635717694571692e-01 1.130708965443865122e+00 1.230479666048035048e+00
4.655000000000000249e+00 6.587089481350633102e-01 1.144698282544013956e+00 1.255529892770925304e+00
4.665000000000000036e+00 6.526084884030965982e-01 1.164201072276880744e+00 1.266626361505039933e+00
4.674999999999999822e+00 6.624256255652063441e-01 1.183374816368521154e+00 1.244810369627979085e+00
4.685000000000000497e+00 6.682210416307220457e-01 1.195871423943631218e+00 1.290013689059648971e+00
4.695000000000000284e+00 6.674105027281884706e-01 1.204787393293518027e+00 1.292656081998819984e+00
4.705000000000000071e+00 6.712492468881674501e-01 1.243681727619895261e+00 1.276370733723239503e+00
4.714999999999999858e+00 6.705700293785609167e-01 1.253865914430297268e+00 1.338452403328750817e+00
4.724999999999999645e+00 6.656530815274598334e-01 1.269677125240952220e+00 1.309301102508557246e+00
4.735000000000000320e+00 6.710615014779797161e-01 1.261284706252820520e+00 1.340494392582819216e+00
4.745000000000000107e+00 6.652873405512855776e-01 1.307575273872432442e+00 1.306838113384287015e+00
4.754999999999999893e+00 6.649878334890109155e-01 1.324249974184982470e+00 1.327773477442237393e+00
4.765000000000000568e+00 6.689246928239097612e-01 1.304443355200816335e+00 1.343551071369627481e+00
4.775000000000000355e+00 6.945877871009854543e-01 1.345645549397276985e+00 1.339967720074925595e+00
4.785000000000000142e+00 6.855260889208920627e-01 1.362136061849686053e+00 1.336692511335650702e+00
4.794999999999999929e+00 6.882281101300874449e-01 1.376239660124828790e+00 1.340940358063405169e+00
4.804999999999999716e+00 6.871636218716301592e-01 1.388273236278368294e+00 1.338240190894682380e+00
4.815000000000000391e+00 6.702810216515081576e-01 1.413152554459123245e+00 1.393966896678219269e+00
4.825000000000000178e+00 6.747060100867768861e-01 1.432609601932986143e+00 1.372795744952554298e+00
4.834999999999999964e+00 6.657412109754639040e-01 1.462259356004122379e+00 1.410289369181680241e+00
4.845000000000000639e+00 6.810962356616658830e-01 1.442795576135363245e+00 1.373929414655610026e+00
4.855000000000000426e+00 6.908973923450002497e-01 1.453968635806350385e+00 1.383203054955685296e+00
4.865000000000000213e+00 6.737546688135175321e-01 1.512932658165241584e+00 1.377242058232460931e+00
4.875000000000000000e+00 6.842624019293143123e-01 1.506732121006833625e+00 1.416293275273167396e+00
4.884999999999999787e+00 6.768038475168378643e-01 1.518513863203691416e+00 1.436373760036762537e+00
4.894999999999999574e+00 6.949601503321389817e-01 1.535243374061749044e+00 1.434667062063117893e+00
4.905000000000000249e+00 6.919224025107523213e-01 1.543890664824589809e+00 1.446759384392372505e+00
4.915000000000000036e+00 6.888348933016275044e-01 1.563653833697560280e+00 1.474955863694328739e+00
4.924999999999999822e+00 6.950042578855530895e-01 1.574553803111594208e+00 1.429285117526182258e+00
4.935000000000000497e+00 6.983238979705465033e-01 1.603752931681552640e+00 1.457845693899280759e+00
4.945000000000000284e+00 7.008644169760850362e-01 1.614309441541662560e+00 1.494037143761145048e+00
4.955000000000000071e+00 7.025675585463114770e-01 1.615709344444856255e+00 1.516404837228024549e+00
4.964999999999999858e+00 7.071464122628260407e-01 1.626645465130903245e+00 1.537503139144424935e+00
4.974999999999999645e+00 7.008194720404730127e-01 1.619442182544964304e+00 1.549568114047579215e+00
4.985000000000000320e+00 7.026858007486441737e-01 1.615689782901858385e+00 1.479774413210432460e+00
4.995000000000000107e+00 7.068598414035599520e-01 1.643286153038974406e+00 1.541175306384121590e+00
5.004999999999999893e+00 7.070858322051595257e-01 1.666938947943179317e+00 1.494474140856407285e+00
5.015000000000000568e+00 7.123198083947264170e-01 1.669470679337575536e+00 1.519404416201610264e+00
5.025000000000000355e+00 7.153374784100895445e-01 1.664081497832237133e+00 1.554378451662390637e+00
5.035000000000000142e+00 7.258545110502060416e-01 1.681046836857232663e+00 1.554757186652862888e+00
5.044999999999999929e+00 7.362826194779689137e-01 1.667672634003150911e+00 1.534775284034494369e+00
5.054999999999999716e+00 7.218759200255822073e-01 1.677383987282765831e+00 1.542478796901882721e+00
5.065000000000000391e+00 7.264035986686490087e-01 1.680406757376156746e+00 1.516726573493748287e+00
5.075000000000000178e+00 7.397184401553978939e-01 1.719930757709519309e+00 1.539367026607905364e+00
5.084999999999999964e+00 7.433590439727142396e-01 1.703159388029703791e+00 1.542304732628994035e+00
5.095000000000000639e+00 7.320043487676651806e-01 1.690981833890052410e+00 1.507101625395353750e+00
5.105000000000000426e+00 7.470987752047925090e-01 1.697355430633205264e+00 1.527951054020405985e+00
5.115000000000000213e+00 7.346648609178479949e-01 1.681717076498761010e+00 1.564358472518274201e+00
5.125000000000000000e+00 7.533483831561585964e-01 1.678130599855570004e+00 1.553204433650258176e+00
5.134999999999999787e+00 7.587886067809554991e-01 1.676762314063697579e+00 1.477419011062844234e+00
5.144999999999999574e+00 7.516409946099704698e-01 1.666739452762499685e+00 1.479205400804006088e+00
5.155000000000000249e+00 7.658407214640097216e-01 1.637357719287267921e+00 1.521188763005824507e+00
5.165000000000000036e+00 7.590829870274373725e-01 1.645395275626148512e+00 1.475237750052831309e+00
5.174999999999999822e+00 7.531154117272079729e-01 1.607001532758928875e+00 1.446487303300940885e+00
5.185000000000000497e+00 7.616960912219581381e-01 1.604451265583358044e+00 1.496969267300214179e+00
5.195000000000000284e+00 7.701436861050182658e-01 1.574541946446281537e+00 1.487767791603657352e+00
5.205000000000000071e+00 7.742937052989518065e-01 1.534435828516721889e+00 1.462452672908978402e+00
5.214999999999999858e+00 7.775518744554373862e-01 1.529960402841049838e+00 1.480039875935426297e+00
5.224999999999999645e+00 7.894730177035219620e-01 1.517604723620284757e+00 1.429635567866627266e+00
5.235000000000000320e+00 7.726515999943499580e-01 1.457064182807968900e+00 1.453975514396014690e+00
5.245000000000000107e+00 7.806884851821114246e-01 1.437697573561801834e+00 1.435163654212679107e+00
5.254999999999999893e+00 7.874566172237634776e-01 1.403682590082506287e+00 1.404463916294069969e+00
5.265000000000000568e+00 8.004545078235537625e-01 1.377758895918004045e+00 1.431226311243490867e+00
5.275000000000000355e+00 7.876403565163985210e-01 1.342179727552593738e+00 1.390732491672574733e+00
5.285000000000000142e+00 8.080152101206510284e-01 1.324507944814627969e+00 1.368361101533927870e+00
5.294999999999999929e+00 8.134313254998548626e-01 1.305716814391259639e+00 1.381667064781792797e+00
5.304999999999999716e+00 8.153803827694158235e-01 1.260283435540461072e+00 1.346739940758164389e+00
5.315000000000000391e+00 8.097886789271182550e-01 1.233513263736113252e+00 1.356717708320758442e+00
5.325000000000000178e+00 8.145933971424598186e-01 1.205530330354681601e+00 1.341325162672746263e+00
5.334999999999999964e+00 8.099680363160196572e-01 1.170517522892113860e+00 1.329303913308854002e+00
5.345000000000000639e+00 8.329086044508404729e-01 1.144704690109462186e+00 1.334559284469882590e+00
5.355000000000000426e+00 8.260386517637546833e-01 1.103333437399975914e+00 1.353193923643258412e+00
5.365000000000000213e+00 8.330531341879466867e-01 1.077600676382940881e+00 1.307098251939667444e+00
5.375000000000000000e+00 8.368500868403555559e-01 1.060611402707945627e+00 1.307524402861707458e+00
5.384999999999999787e+00 8.464511047664964316e-01 1.031377977408362012e+00 1.293286169673659725e+00
5.394999999999999574e+00 8.417194537702256119e-01 1.001783575898335110e+00 1.270476893841923083e+00
5.405000000000000249e+00 8.450275398711439845e-01 9.808659725612007829e-01 1.301912807831594465e+00
5.415000000000000036e+00 8.475696351037539378e-01 9.551148672860120259e-01 1.277863769340346511e+00
5.424999999999999822e+00 8.533017350718172800e-01 9.311258309279475398e-01 1.257141119438302201e+00
5.435000000000000497e+00 8.592106964398585900e-01 9.085428303317102383e-01 1.240158154055751805e+00
5.445000000000000284e+00 8.715643001328692296e-01 8.917173702110908762e-01 1.278376411961860137e+00
5.455000000000000071e+00 8.694872734450445062e-01 8.786902627399596488e-01 1.251829646879246694e+00
5.464999999999999858e+00 8.805345340989017000e-01 8.616957075252490439e-01 1.260145225321975149e+00
5.474999999999999645e+00 8.902772398322568170e-01 8.411096181536049654e-01 1.278136687871622490e+00
5.485000000000000320e+00 8.812965814389911445e-01 8.397556533749185315e-01 1.251634230966374384e+00
5.495000000000000107e+00 9.000235534968165085e-01 8.186729452657618422e-01 1.252799366758241106e+00
5.504999999999999893e+00 9.076553382198296882e-01 8.005308682048664082e-01 1.244965977699461046e+00
5.515000000000000568e+00 9.155533140372080769e-01 8.035238138751870096e-01 1.245475553676554714e+00
5.525000000000000355e+00 9.256174391744537155e-01 7.887648137983904739e-01 1.229661889354408233e+00
5.535000000000000142e+00 9.188628352460579407e-01 7.763824828672398759e-01 1.256427502802109242e+00
5.544999999999999929e+00 9.287226950618665544e-01 7.748262461446109306e-01 1.261616206276428009e+00
5.554999999999999716e+00 9.332884580067201119e-01 7.587540500864914383e-01 1.226958062704546881e+00
5.565000000000000391e+00 9.446216845348908153e-01 7.641756836368437389e-01 1.241631407426775802e+00
5.575000000000000178e+00 9.286334454116456083e-01 7.468049875837758922e-01 1.190402344170006010e+00
5.584999999999999964e+00 9.583539866359307435e-01 7.528061852715089985e-01 1.250633063233075104e+00
5.595000000000000639e+00 9.645808160743478687e-01 7.442324473828187958e-01 1.204811436512586154e+00
5.605000000000000426e+00 9.764628210819290555e-01 7.406810989324593697e-01 1.198402999157197391e+00
5.615000000000000213e+00 9.920970267191434599e-01 7.405194139264666964e-01 1.229513857373040198e+00
5.625000000000000000e+00 9.815961503772884233e-01 7.379412517238119751e-01 1.197030094138284761e+00
5.634999999999999787e+00 9.972981469381764219e-01 7.252364669165197730e-01 1.157451266551309255e+00
5.644999999999999574e+00 1.007257716970937578e+00 7.326173559601431018e-01 1.200229941045466875e+00
5.655000000000000249e+00 1.001881997233192267e+00 7.313780099984534822e-01 1.172114744380149842e+00
5.665000000000000036e+00 1.020276099825473182e+00 7.234196109265368380e-01 1.149362127054000204e+00
5.674999999999999822e+00 1.030752651373691098e+00 7.378789291719668464e-01 1.157065073178446646e+00
5.685000000000000497e+00 1.032983968137860531e+00 7.276335990328284264e-01 1.152176401150436735e+00
5.695000000000000284e+00 1.041436464732570677e+00 7.329612542068993930e-01 1.123365597455131981e+00
5.705000000000000071e+00 1.054718872124074558e+00 7.328417014598982426e-01 1.144520155004241646e+00
5.714999999999999858e+00 1.054994708746747500e+00 7.324135994011305995e-01 1.117346161356557177e+00
5.724999999999999645e+00 1.067061026792830658e+00 7.243881923059720673e-01 1.101292863073770167e+00
5.735000000000000320e+00 1.068540670990202557e+00 7.362964311885735746e-01 1.079289155661792288e+00
5.745000000000000107e+00 1.088861124040838124e+00 7.340371231526401363e-01 1.110735903007159964e+00
5.754999999999999893e+00 1.077763971884976080e+00 7.463216084662178673e-01 1.092246409597104950e+00
5.765000000000000568e+00 1.094702780777366380e+00 7.361939872368931104e-01 1.045313562667388840e+00
5.775000000000000355e+00 1.086585264951732244e+00 7.437988169812489447e-01 1.069963506295788402e+00
5.785000000000000142e+00 1.097858884967305659e+00 7.498588941909771766e-01 1.065077355267554537e+00
5.794999999999999929e+00 1.106824257396950895e+00 7.489041291509710430e-01 1.042821693729656829e+00
5.804999999999999716e+00 1.097300880849943150e+00 7.549453701543124007e-01 1.012241469690202900e+00
5.815000000000000391e+00 1.121213153695796549e+00 7.482280486336612135e-01 1.026040352180402460e+00
5.825000000000000178e+00 1.122502880911717682e+00 7.525582544372833027e-01 9.972803179374281068e-01
5.834999999999999964e+00 1.126019575299050279e+00 7.501272446730068433e-01 9.860653694596817065e-01
5.845000000000000639e+00 1.115320033293931923e+00 7.602423208039350566e-01 9.310041431328910377e-01
5.855000000000000426e+00 1.128846082886864721e+00 7.556142055076041641e-01 9.704319302360746580e-01
5.865000000000000213e+00 1.122925176670376723e+00 7.808317850752678480e-01 9.219634029054080138e-01
5.875000000000000000e+00 1.138917142083917033e+00 7.692799847607559860e-01 9.496025215061513203e-01
5.884999999999999787e+00 1.128340671905827541e+00 7.784568220190385412e-01 9.241419204515598507e-01
5.894999999999999574e+00 1.136073778767682452e+00 7.808805769055201518e-01 8.870039189167779892e-01
5.905000000000000249e+00 1.133133574648486741e+00 7.780476103169018387e-01 8.969490498477730167e-01
5.915000000000000036e+00 1.134001770425392852e+00 7.745651916965410333e-01 8.654561095854785835e-01
5.924999999999999822e+00 1.134053930792924270e+00 7.795172889862731491e-01 8.648065411291185889e-01
5.935000000000000497e+00 1.143146086054401156e+00 7.798611298085978971e-01 8.364506541213359014e-01
5.945000000000000284e+00 1.148930440245325313e+00 7.815131360485042533e-01 8.167333530919110851e-01
5.955000000000000071e+00 1.157009661370198783e+00 7.863790433373277766e-01 8.224171259090301556e-01
5.964999999999999858e+00 1.143431235178207217e+00 7.904149749151356819e-01 8.172363741819520522e-01
5.974999999999999645e+00 1.163316904919835082e+00 7.988825358327317216e-01 7.972088992353167924e-01
5.985000000000000320e+00 1.143817923613905219e+00 8.016363078848001145e-01 7.628541802794838178e-01
5.995000000000000107e+00 1.161756088986761082e+00 7.981329445465752404e-01 7.603113347806985667e-01
6.004999999999999893e+00 1.170731423351855094e+00 7.969497796562892145e-01 7.638566874487886516e-01
6.015000000000000568e+00 1.153630344033204969e+00 7.967334108147249294e-01 7.739800844810018621e-01
6.025000000000000355e+00 1.178014203356513523e+00 8.040581323589228724e-01 7.580623128915581210e-01
6.035000000000000142e+00 1.171971702288058470e+00 7.975678020625864839e-01 7.322202858839926831e-01
6.044999999999999929e+00 1.184039645313432976e+00 8.072853065250281679e-01 7.276195910054547022e-01
6.054999999999999716e+00 1.190860809975699430e+00 8.000940452942488790e-01 7.442314192959970098e-01
6.065000000000000391e+00 1.194562400184064233e+00 7.975029432768021564e-01 7.101949831500348198e-01
6.075000000000000178e+00 1.187934603031191916e+00 8.157915464314148268e-01 7.224297354947214478e-01
6.084999999999999964e+00 1.195284236751881224e+00 8.151295224380469273e-01 7.136025294041081768e-01
6.095000000000000639e+00 1.213480545471536276e+00 8.192925975795086746e-01 7.159092912866205083e-01
6.105000000000000426e+00 1.212046706137206886e+00 8.097975365972925887e-01 7.285283309723237233e-01
6.115000000000000213e+00 1.200540229137074588e+00 8.208218891390092198e-01 6.844251084477110947e-01
6.125000000000000000e+00 1.214894719875357687e+00 8.184535274641898672e-01 6.986496273359181775e-01
6.134999999999999787e+00 1.219139382905773950e+00 8.190948036848393343e-01 7.060751545949742747e-01
6.145000000000000462e+00 1.222954424750803515e+00 8.215736093819012709e-01 6.861976882982154802e-01
6.155000000000000249e+00 1.228753541181354603e+00 8.176794699115342846e-01 6.958862355376559394e-01
6.165000000000000036e+00 1.230229113233025195e+00 8.228456332759439551e-01 6.882156334144710064e-01
6.174999999999999822e+00 1.242396376644901324e+00 8.411192790626800253e-01 6.765865283455960721e-01
6.185000000000000497e+00 1.229965184627452190e+00 8.373603324036060780e-01 6.726650048489900557e-01
6.195000000000000284e+00 1.239187767293995268e+00 8.523902733777011242e-01 6.794904097062628434e-01
6.205000000000000071e+00 1.242481962186521516e+00 8.488260180208443417e-01 6.843716348635886515e-01
6.214999999999999858e+00 1.250475113279165829e+00 8.587724422375578870e-01 6.622336075135215605e-01
6.224999999999999645e+00 1.249673056462150322e+00 8.529745662488851243e-01 6.731282090468229118e-01
6.235000000000000320e+00 1.240245624583769635e+00 8.607859649865048368e-01 6.767770616489472424e-01
6.245000000000000107e+00 1.227212229522979925e+00 8.650958907564287870e-01 6.911234388963205522e-01
6.254999999999999893e+00 1.257355407014217219e+00 8.653438916222341293e-01 6.800918314862325342e-01
6.265000000000000568e+00 1.257150409066263741e+00 8.594967781594643474e-01 6.742013495510429388e-01
6.275000000000000355e+00 1.259722290860875615e+00 8.720181607886566821e-01 7.002110250880300146e-01
6.285000000000000142e+00 1.262943722438380378e+00 8.626908147283527395e-01 6.996652760011946581e-01
6.294999999999999929e+00 1.250641445915957606e+00 8.684544668810241230e-01 6.895700189403993763e-01
6.304999999999999716e+00 1.265632291503803186e+00 8.641988124905067847e-01 6.756941678992396394e-01
6.315000000000000391e+00 1.240942669774135920e+00 8.746571133237159845e-01 6.748876926940130527e-01
6.325000000000000178e+00 1.237270765101538883e+00 8.750880947016316247e-01 6.769040607382459385e-01
6.334999999999999964e+00 1.236303999554833055e+00 8.701770406982418660e-01 6.898223962191281089e-01
6.345000000000000639e+00 1.243953411923995889e+00 8.813707162962519659e-01 6.822078962192047458e-01
6.355000000000000426e+00 1.235192240509237926e+00 8.885855278244191302e-01 6.894325601138865389e-01
6.365000000000000213e+00 1.248971007786646936e+00 8.793227838466424195e-01 6.866124607375012623e-01
6.375000000000000000e+00 1.220184846557430980e+00 8.909415828535013349e-01 6.916477194355931113e-01
6.384999999999999787e+00 1.223408821738064090e+00 8.869724135372268892e-01 6.666847314492875265e-01
6.395000000000000462e+00 1.232166669083611943e+00 8.878531741227949636e-01 6.832699199858927042e-01
6.405000000000000249e+00 1.225368779373232853e+00 8.845570190245761744e-01 6.981300731928323788e-01
6.415000000000000036e+00 1.223366337541049509e+00 8.852698746917890826e-01 6.769188873269698092e-01
6.424999999999999822e+00 1.209268483636894320e+00 8.901956144630274181e-01 6.688629349264677559e-01
6.435000000000000497e+00 1.221785835938956177e+00 8.995755438052006614e-01 6.804132254338391972e-01
6.445000000000000284e+00 1.206649677651560726e+00 8.909524988335542073e-01 7.000398143135648787e-01
6.455000000000000071e+00 1.202077431355161430e+00 8.857643263650581966e-01 6.838513268442379944e-01
6.464999999999999858e+00 1.201220687497793982e+00 8.975600396533102154e-01 6.768134015772694356e-01
6.474999999999999645e+00 1.204005521519453614e+00 8.945522709862264721e-01 6.907177069596707186e-01
6.485000000000000320e+00 1.205544057316416895e+00 9.169349077712911633e-01 7.105318102571371863e-01
6.495000000000000107e+00 1.180510360068107056e+00 9.051038438049259227e-01 6.833229106369899108e-01
6.504999999999999893e+00 1.185787204262249483e+00 9.028723093051310711e-01 7.005212843385741905e-01
6.515000000000000568e+00 1.180038281908301956e+00 9.112861077564111678e-01 6.902391063770079160e-01
6.525000000000000355e+00 1.169991909729752200e+00 9.127051805052041056e-01 6.949860316083704692e-01
6.535000000000000142e+00 1.154171913271897720e+00 9.092144895614535649e-01 7.000116001701603974e-01
6.544999999999999929e+00 1.161070119652744426e+00 9.206189179119984578e-01 6.997339193422285053e-01
6.554999999999999716e+00 1.162706269271169379e+00 9.147992616573902280e-01 6.945104389055387628e-01
6.565000000000000391e+00 1.157241368298439044e+00 9.184840396421439790e-01 7.085701366573916582e-01
6.575000000000000178e+00 1.148233835159262917e+00 9.203377523217148859e-01 6.884488809708406709e-01
6.584999999999999964e+00 1.128596723445221439e+00 9.255059612326342888e-01 7.131524842715649681e-01
6.595000000000000639e+00 1.131587563920880557e+00 9.323558018911065615e-01 7.068701704346931347e-01
6.605000000000000426e+00 1.117359138018809039e+00 9.282032090358495191e-01 7.280144523366676168e-01
6.615000000000000213e+00 1.120810705917343553e+00 9.264989209286955685e-01 7.305182469024716907e-01
6.625000000000000000e+00 1.098711314873492828e+00 9.399644520327107289e-01 7.266507185203592289e-01
6.634999999999999787e+00 1.101509503923145949e+00 9.371709363905110779e-01 7.324546203312756187e-01
6.645000000000000462e+00 1.086882829864709299e+00 9.511916202986697710e-01 7.380699698168291523e-01
6.655000000000000249e+00 1.087441340448042082e+00 9.488973113751765220e-01 7.289581967880388591e-01
6.665000000000000036e+00 1.083807025116757305e+00 9.437355780275845651e-01 7.414184571985980021e-01
6.674999999999999822e+00 1.081530608358612922e+00 9.552514610714427645e-01 7.508207943127437334e-01
6.685000000000000497e+00 1.061956120115877811e+00 9.509472775955462032e-01 7.554097881778328860e-01
6.695000000000000284e+00 1.059378555795751797e+00 9.613277198730970641e-01 7.581906783807693673e-01
6.705000000000000071e+00 1.038241931995766754e+00 9.661412850808667185e-01 7.727653564888308235e-01
6.714999999999999858e+00 1.039458466222006106e+00 9.684926049303621554e-01 7.474972568001593265e-01
6.724999999999999645e+00 1.034130821607701201e+00 9.766974586134128389e-01 7.863783400904866827e-01
6.735000000000000320e+00 1.029013160600106502e+00 9.795804265400580579e-01 8.158047658052119955e-01
6.745000000000000107e+00 1.025271089263600111e+00 9.784655524174146191e-01 7.910609984198657685e-01
6.754999999999999893e+00 1.015945148087153527e+00 9.889197195300394316e-01 7.916304537241348749e-01
6.765000000000000568e+00 9.992353111792708908e-01 9.830969700376610554e-01 8.096007362815679231e-01
6.775000000000000355e+00 9.986742070957366213e-01 9.787144633571202013e-01 8.248581053719520328e-01
6.785000000000000142e+00 9.720461463342304764e-01 9.947952420369565729e-01 8.297831801805745089e-01
6.794999999999999929e+00 9.765562033033532430e-01 1.005169548090391496e+00 8.387017092602730983e-01
6.804999999999999716e+00 9.722904054800663998e-01 1.005407344976659623e+00 8.412562812381346733e-01
6.815000000000000391e+00 9.607553310344736364e-01 9.963481266346349008e-01 8.559424098544806681e-01
6.825000000000000178e+00 9.601511212611713031e-01 1.014203492618027225e+00 8.766674653026258479e-01
6.834999999999999964e+00 9.471474399661669041e-01 1.013902505221096595e+00 8.719724968690772959e-01
6.845000000000000639e+00 9.286187312104110525e-01 1.027343141047657449e+00 8.704184422392606812e-01
6.855000000000000426e+00 9.222027990663110852e-01 1.028409762558934570e+00 9.054611626527748758e-01
6.865000000000000213e+00 9.139889939187644252e-01 1.030627977768760584e+00 9.121224884404885991e-01
6.875000000000000000e+00 9.068022530740731391e-01 1.031670159360140504e+00 9.214099721446591396e-01
6.884999999999999787e+00 8.782255574303504675e-01 1.033542248925029439e+00 9.272784620254914678e-01
6.895000000000000462e+00 8.944273421078791086e-01 1.048351235603337317e+00 9.174687958858338543e-01
6.905000000000000249e+00 8.829619390902865295e-01 1.048345427070493496e+00 9.235854984405078572e-01
6.915000000000000036e+00 8.787092549289124976e-01 1.056526742407219333e+00 9.543762708771281744e-01
6.924999999999999822e+00 8.575534048742623483e-01 1.053546823705602709e+00 9.550828864682437969e-01
6.935000000000000497e+00 8.523903118187338146e-01 1.065798477336428185e+00 9.560575384059190052e-01
6.945000000000000284e+00 8.507288310056325686e-01 1.075360057345670972e+00 9.636294213275788945e-01
6.955000000000000071e+00 8.414219011447899854e-01 1.071755270731911347e+00 9.828197584468199022e-01
6.964999999999999858e+00 8.265539292707944075e-01 1.076343665501849900e+00 9.680934634151412421e-01
6.974999999999999645e+00 8.255842983199082052e-01 1.086018617880824655e+00 9.911105386276848339e-01
6.985000000000000320e+00 8.268959965054830663e-01 1.092980433096971016e+00 1.010318047400561525e+00
6.995000000000000107e+00 8.106261352103916185e-01 1.082530859448675109e+00 9.973910318740628611e-01
7.004999999999999893e+00 8.058442521216305776e-01 1.105418755418221544e+00 1.010645383143518261e+00
7.015000000000000568e+00 7.997709643744789210e-01 1.107227301035287326e+00 1.012352940018738989e+00
7.025000000000000355e+00 8.000179938244378341e-01 1.105994272108225429e+00 1.015526456260413823e+00
7.035000000000000142e+00 7.858736087673735549e-01 1.125321106759323397e+00 1.029811674405927580e+00
7.044999999999999929e+00 7.830756930726626708e-01 1.125338994033447726e+00 1.033310796256791120e+00
7.054999999999999716e+00 7.783230727014424088e-01 1.126319284805133547e+00 1.053058679401548847e+00
7.065000000000000391e+00 7.826053374289202447e-01 1.132343735588224432e+00 1.057395042923167106e+00
7.075000000000000178e+00 7.785046122939488500e-01 1.135875995713352626e+00 1.052285973668416919e+00
7.084999999999999964e+00 7.780278751508324930e-01 1.140408798683751890e+00 1.054872352590716877e+00
7.095000000000000639e+00 7.755395110866886155e-01 1.137987680688591796e+00 1.060209528037733051e+00
7.105000000000000426e+00 7.808541664232776514e-01 1.135904446137171231e+00 1.074455332998430102e+00
7.115000000000000213e+00 7.749231852933929909e-01 1.146778777085475598e+00 1.072224058717004658e+00
7.125000000000000000e+00 7.657203324139625344e-01 1.166872652072359573e+00 1.073793544161401492e+00
7.134999999999999787e+00 7.664770518496191176e-01 1.154931925213643407e+00 1.086173945530493956e+00
7.145000000000000462e+00 7.709002784303181643e-01 1.153489451699885704e+00 1.078714205394650572e+00
7.155000000000000249e+00 7.641432634729290463e-01 1.157561952579589715e+00 1.083611558689825172e+00
7.165000000000000036e+00 7.757842285462447363e-01 1.164743223947139583e+00 1.101797237408568941e+00
7.174999999999999822e+00 7.711408156722849849e-01 1.167817791968609686e+00 1.086090212733305638e+00
7.185000000000000497e+00 7.628551302332289286e-01 1.160004043912050475e+00 1.130265296631802086e+00
7.195000000000000284e+00 7.724382416458845935e-01 1.170792334222571451e+00 1.101990090144537637e+00
7.205000000000000071e+00 7.712547095771935535e-01 1.169494922755219601e+00 1.129114592854461252e+00
7.214999999999999858e+00 7.763876390273413142e-01 1.174481190047643731e+00 1.091297938837330728e+00
7.224999999999999645e+00 7.720778966545464028e-01 1.169706121155710044e+00 1.111044352868116425e+00
7.235000000000000320e+00 7.848474533173613876e-01 1.176335818610839468e+00 1.137526248746158375e+00
7.245000000000000107e+00 7.757892639964800718e-01 1.167525689170818337e+00 1.149059786168008301e+00
7.254999999999999893e+00 7.821028387214088440e-01 1.174242132449564213e+00 1.136812947691175690e+00
7.265000000000000568e+00 7.910516327545865645e-01 1.180256834638968577e+00 1.149031112293392942e+00
7.275000000000000355e+00 7.874672395973825179e-01 1.169550822380007959e+00 1.136842912264916183e+00
7.285000000000000142e+00 7.873083355125437555e-01 1.167342929083484471e+00 1.154239366319641080e+00
7.294999999999999929e+00 7.974704842620610190e-01 1.176526263132654959e+00 1.144215765608388446e+00
7.304999999999999716e+00 7.867665631563983686e-01 1.175515585645796834e+00 1.174551410936046425e+00
7.315000000000000391e+00 8.013043064961944406e-01 1.171404290436451223e+00 1.182632600374967202e+00
7.325000000000000178e+00 8.008192422934535815e-01 1.171394178470037239e+00 1.180024429487839033e+00
7.334999999999999964e+00 8.008582675230039305e-01 1.178536622335381701e+00 1.186680629986322399e+00
7.345000000000000639e+00 8.026476921938031639e-01 1.176375716907115621e+00 1.189850599589403313e+00
7.355000000000000426e+00 8.131991891339428458e-01 1.167073531615395288e+00 1.195330707740366316e+00
7.365000000000000213e+00 8.189172160025024461e-01 1.165864694415758018e+00 1.166629637264362973e+00
7.375000000000000000e+00 8.188644795020563194e-01 1.169998206561126963e+00 1.172622478789082212e+00
7.384999999999999787e+00 8.185047032611741935e-01 1.149211522503410077e+00 1.201707083669588227e+00
7.395000000000000462e+00 8.256706670989895080e-01 1.166379320245589657e+00 1.194695833107319416e+00
7.405000000000000249e+00 8.170555800134734481e-01 1.150791033270810448e+00 1.190260562660214516e+00
7.415000000000000036e+00 8.328444044470171281e-01 1.149802224189448552e+00 1.195987506494774255e+00
7.424999999999999822e+00 8.374364443737395414e-01 1.141348473203336544e+00 1.205051083703923887e+00
7.435000000000000497e+00 8.418806855953430146e-01 1.158156403928486622e+00 1.190282378735441515e+00
7.445000000000000284e+00 8.477353397489915121e-01 1.147202018171854299e+00 1.180379608382086332e+00
7.455000000000000071e+00 8.528687139715894761e-01 1.139676764988191815e+00 1.187249154124952133e+00
7.464999999999999858e+00 8.444200925318553486e-01 1.138114594946380675e+00 1.178828557506025332e+00
7.474999999999999645e+00 8.493506066730437398e-01 1.140388490291372126e+00 1.188508654759803607e+00
7.485000000000000320e+00 8.532445425758367064e-01 1.114443665271870110e+00 1.187823525419094084e+00
7.495000000000000107e+00 8.626396936575962959e-01 1.130617294831497643e+00 1.148965044592136442e+00
7.504999999999999893e+00 8.599887835473538633e-01 1.129079671721225253e+00 1.181383255438770208e+00
7.515000000000000568e+00 8.637555986985123724e-01 1.121168932338071134e+00 1.166015689631593855e+00
7.525000000000000355e+00 8.636890171426313545e-01 1.114791057046962353e+00 1.154125589269632268e+00
7.535000000000000142e+00 8.776221784703972517e-01 1.118966815917988855e+00 1.189885189276498778e+00
7.544999999999999929e+00 8.849185678484423612e-01 1.125711347627708525e+00 1.161892948270167647e+00
7.554999999999999716e+00 8.727200494706637279e-01 1.110258785489250721e+00 1.131834711811418925e+00
7.565000000000000391e+00 8.757795472129934478e-01 1.108746535184447657e+00 1.135340675352482398e+00
7.575000000000000178e+00 8.798611480192807255e-01 1.101164203461455715e+00 1.148542899686038288e+00
7.584999999999999964e+00 8.779465533987481640e-01 1.096041251381021819e+00 1.173787972420999193e+00
7.595000000000000639e+00 8.910870484562094518e-01 1.094739425885109974e+00 1.149982794727083535e+00
7.605000000000000426e+00 8.884581952771583024e-01 1.088447380124914154e+00 1.148797108311860660e+00
7.615000000000000213e+00 8.993494873238572218e-01 1.074428120573174050e+00 1.132730421689547962e+00
7.625000000000000000e+00 8.903692674503513871e-01 1.076750189129842994e+00 1.134328733934182765e+00
7.634999999999999787e+00 9.011640032394756528e-01 1.083725805039466694e+00 1.138989756582477142e+00
7.645000000000000462e+00 9.033516135931092261e-01 1.072458490426499100e+00 1.148734069129183410e+00
7.655000000000000249e+00 9.139084261355422401e-01 1.063115652989046866e+00 1.150379788512138735e+00
7.665000000000000036e+00 9.153672810106163737e-01 1.058422550925061323e+00 1.136532310268157708e+00
7.674999999999999822e+00 9.112929593847161058e-01 1.074656796335913711e+00 1.135939367113570686e+00
7.685000000000000497e+00 9.251943019487909314e-01 1.055702847549003121e+00 1.156928467973629360e+00
7.695000000000000284e+00 9.259585481162826426e-01 1.045785180269971359e+00 1.156838540876501176e+00
7.705000000000000071e+00 9.267436693739778963e-01 1.057749758085144487e+00 1.146121556295984778e+00
7.714999999999999858e+00 9.290273734602417788e-01 1.046393169146953017e+00 1.131440847180801734e+00
7.724999999999999645e+00 9.322417737667960669e-01 1.037428037927004443e+00 1.123840973608063898e+00
7.735000000000000320e+00 9.357970827832203797e-01 1.028755404488519876e+00 1.128149515700124672e+00
7.745000000000000107e+00 9.324413815294240182e-01 1.024274406612396104e+00 1.143167599978328841e+00
7.754999999999999893e+00 9.543240466262277177e-01 1.018874767998661168e+00 1.146182368550621611e+00
7.765000000000000568e+00 9.424260132421754532e-01 1.008159381224835061e+00 1.169877780260900613e+00
7.775000000000000355e+00 9.449728203095478785e-01 1.007654351739808218e+00 1.144576295341519945e+00
7.785000000000000142e+00 9.421359244119797971e-01 9.983579124019165141e-01 1.135174791114884840e+00
7.794999999999999929e+00 9.508374238523726873e-01 9.847900500473885099e-01 1.128439978574812486e+00
7.804999999999999716e+00 9.527072302623610378e-01 9.917767271794345474e-01 1.113780358416990302e+00
7.815000000000000391e+00 9.602983756968964668e-01 9.879901448010970366e-01 1.122997709972509028e+00
7.825000000000000178e+00 9.667633885953617057e-01 9.786087203066882179e-01 1.121972471842629160e+00
7.834999999999999964e+00 9.727056243526509549e-01 9.782481835708262130e-01 1.137062782827225282e+00
7.845000000000000639e+00 9.673148514945176801e-01 9.639708206716534056e-01 1.119171606039267575e+00
7.855000000000000426e+00 9.691304913278450117e-01 9.699105730489648858e-01 1.110621175917177350e+00
7.865000000000000213e+00 9.797611779270821719e-01 9.651919392477524839e-01 1.111877073428039431e+00
7.875000000000000000e+00 9.794690341732310568e-01 9.587010148683939859e-01 1.102417849490784585e+00
7.884999999999999787e+00 9.871837412151016622e-01 9.509318342229408083e-01 1.099089480619474424e+00
7.895000000000000462e+00 9.866816045469384289e-01 9.427995026904182341e-01 1.114946219014691930e+00
7.905000000000000249e+00 1.005063123389690727e+00 9.379455918021072369e-01 1.109789845609651993e+00
7.915000000000000036e+00 9.955838961646390484e-01 9.412730580066914765e-01 1.111756103639077953e+00
7.925000000000000711e+00 9.978296961801700338e-01 9.234661599358044981e-01 1.103561220172247781e+00
7.935000000000000497e+00 1.002196156438794228e+00 9.393018894934244134e-01 1.094666017480017128e+00
7.945000000000000284e+00 1.005222815763996858e+00 9.292611952272024078e-01 1.078975791051538513e+00
7.955000000000000071e+00 1.012427471482598929e+00 9.222054492583581231e-01 1.075110795062812707e+00
7.964999999999999858e+00 1.017683008615815954e+00 9.207022653526069078e-01 1.065401615497955978e+00
7.974999999999999645e+00 1.026666835203263517e+00 9.158373387590498238e-01 1.068890081081939947e+00
7.985000000000000320e+00 1.024513446817524986e+00 9.118008286783948479e-01 1.066631002510160631e+00
7.995000000000000107e+00 1.020991438807766105e+00 9.093395686398306754e-01 1.058771315806451341e+00
