# frames 31 (stride 5)  N 2160  L [30.40081735 30.50705776 35.207136  ]
# 직접 계산 (절단·창 없음). q(1/A)  S_N(q)  n_qvec
1.784634031737264703e-01 6.192491152569135071e-02 1.000000000000000000e+00
2.063182934189234374e-01 1.506529218142329540e-01 2.000000000000000000e+00
2.791220851231666078e-01 1.761295468635819539e-01 6.000000000000000000e+00
3.420291240431828084e-01 1.199815371817106457e-01 4.000000000000000000e+00
3.569268063474529407e-01 2.010365243781429001e-01 1.000000000000000000e+00
4.215213935586765714e-01 2.151844876756590641e-01 8.000000000000000000e+00
4.748413796101856876e-01 2.716519149980312631e-01 1.800000000000000000e+01
5.435481881295617379e-01 1.535013893065917956e-01 5.000000000000000000e+00
5.806107129133931677e-01 3.915559010084236347e-01 1.400000000000000000e+01
6.210338997466353650e-01 1.608528842743544574e-01 1.400000000000000000e+01
6.730509100575002845e-01 3.860838210240691848e-01 2.000000000000000000e+01
7.283822312661457632e-01 2.625923778242633677e-01 2.900000000000000000e+01
7.732824157440596480e-01 3.688588830517183226e-01 1.600000000000000000e+01
8.347144869683869040e-01 2.313395561392412592e-01 3.600000000000000000e+01
8.726252101019627005e-01 2.944551043721902461e-01 2.300000000000000000e+01
9.277922047771053338e-01 3.140190067048963529e-01 5.000000000000000000e+01
9.799400338544862477e-01 2.341745891054499984e-01 2.400000000000000000e+01
1.025698314581807935e+00 4.128283029501572665e-01 4.600000000000000000e+01
1.077220611964041730e+00 5.764502795725169326e-01 4.900000000000000000e+01
1.116848912151200635e+00 6.434862426611389630e-01 4.800000000000000000e+01
1.167882636558198239e+00 4.169134631919508283e-01 5.800000000000000000e+01
1.227582237319497782e+00 5.906259044936155167e-01 5.300000000000000000e+01
1.266428856239514511e+00 6.618823056205874744e-01 7.400000000000000000e+01
1.318317031712650911e+00 7.300027034886530375e-01 7.000000000000000000e+01
1.373681473390410357e+00 1.205724680496072843e+00 9.400000000000000000e+01
1.424733033107899338e+00 1.012838805751244298e+00 6.700000000000000000e+01
1.481154269008614577e+00 1.265667808771896885e+00 1.080000000000000000e+02
1.521708481317866068e+00 1.196152722608069263e+00 9.400000000000000000e+01
1.572625416853638658e+00 1.438177962616717931e+00 8.800000000000000000e+01
1.626170159100825519e+00 1.358864962421277189e+00 1.100000000000000000e+02
1.673687483433724976e+00 1.336882824078594378e+00 1.270000000000000000e+02
1.724707564326730891e+00 1.260788757949247385e+00 1.220000000000000000e+02
1.772384121316029404e+00 1.135566281731638094e+00 1.130000000000000000e+02
1.822877657960826570e+00 9.733105529368544229e-01 1.580000000000000000e+02
1.877184113127049248e+00 8.153439199592800168e-01 1.280000000000000000e+02
1.922968681181078221e+00 8.782348041949783468e-01 1.740000000000000000e+02
1.974782540507673767e+00 7.223392626059783606e-01 1.610000000000000000e+02
2.026013417500446945e+00 6.458939599547812715e-01 1.380000000000000000e+02
2.073142538341573360e+00 6.380180075759521729e-01 2.100000000000000000e+02
2.124052457183114750e+00 6.143528065764614077e-01 1.570000000000000000e+02
2.173464914213891319e+00 4.849955682409437530e-01 2.360000000000000000e+02
2.227586848393314778e+00 5.057521441166720200e-01 1.900000000000000000e+02
2.273420067166496583e+00 4.644783652343978941e-01 1.740000000000000000e+02
2.322575909191745058e+00 4.268181658441860815e-01 2.710000000000000000e+02
2.374714605791224731e+00 4.317777121401447094e-01 2.180000000000000000e+02
2.423601574566156547e+00 4.198446632935968204e-01 2.440000000000000000e+02
2.476185674902137368e+00 4.374473928881066898e-01 2.410000000000000000e+02
2.525138216486473297e+00 4.458750423823348297e-01 3.000000000000000000e+02
2.577414999269023177e+00 5.090659095143331703e-01 2.580000000000000000e+02
2.627859380034944348e+00 6.264472844547412933e-01 3.000000000000000000e+02
2.675476814793442237e+00 8.001204228054327183e-01 2.190000000000000000e+02
2.721666355992205855e+00 9.635769690273618959e-01 3.000000000000000000e+02
2.775974088902936288e+00 1.153372108100367832e+00 3.000000000000000000e+02
2.824558947389534058e+00 1.231239323250645556e+00 2.980000000000000000e+02
2.877463195929577999e+00 1.189020095082167217e+00 3.000000000000000000e+02
2.924419153805411842e+00 1.176549349457137517e+00 2.700000000000000000e+02
2.972457032931912213e+00 1.111660920674770070e+00 3.000000000000000000e+02
3.025398632554089140e+00 1.081919118783827072e+00 3.000000000000000000e+02
3.074327178668809779e+00 1.040036111117419670e+00 3.000000000000000000e+02
3.125922677557515073e+00 1.036364998291633865e+00 3.000000000000000000e+02
3.173270516048385836e+00 9.308976820509339278e-01 3.000000000000000000e+02
3.225391846500990312e+00 8.906334382360134860e-01 3.000000000000000000e+02
3.274960585251897260e+00 9.259203468650353264e-01 3.000000000000000000e+02
3.324444728042397212e+00 8.241464262454735179e-01 3.000000000000000000e+02
3.378005126859922047e+00 8.346082417128224407e-01 3.000000000000000000e+02
3.425124273050739632e+00 8.761927552950791176e-01 3.000000000000000000e+02
3.474393244256317015e+00 7.539121074664983935e-01 3.000000000000000000e+02
3.526183530048419001e+00 8.065004686122583255e-01 3.000000000000000000e+02
3.574042144891330430e+00 7.939053993577632751e-01 3.000000000000000000e+02
3.623917684526140714e+00 7.855425376057856290e-01 3.000000000000000000e+02
3.674914188949956806e+00 7.847626384742376615e-01 3.000000000000000000e+02
3.724183341615210807e+00 7.664924454738714088e-01 3.000000000000000000e+02
3.776135420831062017e+00 7.870950894127097808e-01 3.000000000000000000e+02
3.822409789659383605e+00 8.125013000509387906e-01 3.000000000000000000e+02
3.873211562949988362e+00 7.942027002644406197e-01 3.000000000000000000e+02
3.926946550943954062e+00 7.789534865066533031e-01 3.000000000000000000e+02
3.973732694137245947e+00 8.307637822822406815e-01 3.000000000000000000e+02
4.023770259911431779e+00 7.861637645200992841e-01 3.000000000000000000e+02
4.072411067535604445e+00 7.816160519906845128e-01 3.000000000000000000e+02
4.124703011903375405e+00 8.035174384074030840e-01 3.000000000000000000e+02
4.178036904100830284e+00 8.168760593852105734e-01 3.000000000000000000e+02
4.223332627509149617e+00 9.377210176622144955e-01 3.000000000000000000e+02
4.274069373089152357e+00 8.615287061917551448e-01 3.000000000000000000e+02
4.326229833261101554e+00 8.692563979809373453e-01 3.000000000000000000e+02
4.374960257648283779e+00 9.170509514535081230e-01 3.000000000000000000e+02
4.426133393495960355e+00 1.038059863960326901e+00 3.000000000000000000e+02
4.475796344857159603e+00 9.891478445041006484e-01 3.000000000000000000e+02
4.525121760179494856e+00 1.023578249458674927e+00 3.000000000000000000e+02
4.576568339965704446e+00 1.131678220365595511e+00 3.000000000000000000e+02
4.625347614201471558e+00 9.871217707192708746e-01 3.000000000000000000e+02
4.675321033044760988e+00 1.215215969676725960e+00 3.000000000000000000e+02
4.723687395706144265e+00 1.260118369467364774e+00 3.000000000000000000e+02
4.772615507416984038e+00 1.232456901229540103e+00 3.000000000000000000e+02
4.825475828112257837e+00 1.399196736783206996e+00 3.000000000000000000e+02
4.874672300833167604e+00 1.396848379869303880e+00 3.000000000000000000e+02
4.923936037489983875e+00 1.415636515415276131e+00 3.000000000000000000e+02
4.975589790224798747e+00 1.534946009824727842e+00 3.000000000000000000e+02
5.024280664923365336e+00 1.520834376802523646e+00 3.000000000000000000e+02
5.075851482763819256e+00 1.706481329277161896e+00 3.000000000000000000e+02
5.124544825322721486e+00 1.699103893864262638e+00 3.000000000000000000e+02
5.173832900591913031e+00 1.894655473803566137e+00 3.000000000000000000e+02
5.223093737478938792e+00 1.652392026406027226e+00 3.000000000000000000e+02
5.276889132344965816e+00 1.722119399404682172e+00 3.000000000000000000e+02
5.327318203353993198e+00 1.532830625307052941e+00 3.000000000000000000e+02
5.373279897250672121e+00 1.519640679207952649e+00 3.000000000000000000e+02
5.422839730960840932e+00 1.478737869557124718e+00 3.000000000000000000e+02
5.473703761223852382e+00 1.305138454067865217e+00 3.000000000000000000e+02
5.525776036606853125e+00 1.254634588509960569e+00 3.000000000000000000e+02
5.574752684369602029e+00 1.285180307212661965e+00 3.000000000000000000e+02
5.625852465108341249e+00 1.148118538877650918e+00 3.000000000000000000e+02
5.675266926604828122e+00 1.071254490705072282e+00 3.000000000000000000e+02
5.723985566985243523e+00 9.739862211089971300e-01 3.000000000000000000e+02
5.774610394443922878e+00 8.788592813553109950e-01 3.000000000000000000e+02
5.825490746008375353e+00 8.362169855678488473e-01 3.000000000000000000e+02
5.873746915762825260e+00 8.182287760679862743e-01 3.000000000000000000e+02
5.924318529055732974e+00 8.124981042429229028e-01 3.000000000000000000e+02
5.975837382590268199e+00 7.778084996110263827e-01 3.000000000000000000e+02
6.024676475073345472e+00 7.605696657117728687e-01 3.000000000000000000e+02
6.076209065528857423e+00 7.509706994637781463e-01 3.000000000000000000e+02
6.123031108257408484e+00 7.305130488069043748e-01 3.000000000000000000e+02
6.174084746721780981e+00 7.105956707816440954e-01 3.000000000000000000e+02
6.225540927031545380e+00 6.270089382482004758e-01 3.000000000000000000e+02
6.274297914298268886e+00 7.183391909890642912e-01 3.000000000000000000e+02
6.326883019904760097e+00 6.438938507205711481e-01 3.000000000000000000e+02
6.374135014571369773e+00 7.305327567076492778e-01 3.000000000000000000e+02
6.424633010409414702e+00 6.989177790786940125e-01 3.000000000000000000e+02
6.476382754488374083e+00 7.224275316896391352e-01 3.000000000000000000e+02
6.524245962823578715e+00 6.682025883281255130e-01 3.000000000000000000e+02
6.574259062703853296e+00 6.906302559335868452e-01 3.000000000000000000e+02
6.625999280298810135e+00 6.755745860424019478e-01 3.000000000000000000e+02
6.674413197636007489e+00 6.986586603074346202e-01 3.000000000000000000e+02
6.724479348614297969e+00 6.897536637216481470e-01 3.000000000000000000e+02
6.774354460967074054e+00 6.773691290643432117e-01 3.000000000000000000e+02
6.823772235501283312e+00 6.489723240564717610e-01 3.000000000000000000e+02
6.876673943747316109e+00 6.901989208638840134e-01 3.000000000000000000e+02
6.926082296246933723e+00 7.139260929383958176e-01 3.000000000000000000e+02
6.974839717096156022e+00 7.088841773916298994e-01 3.000000000000000000e+02
7.025904372805888087e+00 7.305939297247474595e-01 3.000000000000000000e+02
7.072856061872580646e+00 7.635115957399789544e-01 3.000000000000000000e+02
7.125048364812856860e+00 7.776405114543291086e-01 3.000000000000000000e+02
7.175776494460804678e+00 8.156105190537938920e-01 3.000000000000000000e+02
7.225737837017770282e+00 8.701682781062455296e-01 3.000000000000000000e+02
7.273966486572684076e+00 9.132882365830441440e-01 3.000000000000000000e+02
7.325973194786527642e+00 9.596335214795004287e-01 3.000000000000000000e+02
7.376107360397157642e+00 9.811608973149056334e-01 3.000000000000000000e+02
7.427021563775306312e+00 1.056673930530168670e+00 3.000000000000000000e+02
7.473244203195948288e+00 1.026579159046643319e+00 3.000000000000000000e+02
7.524855683142506635e+00 1.093313671006871157e+00 3.000000000000000000e+02
7.575595098591919374e+00 1.122702398652524414e+00 3.000000000000000000e+02
7.625100391992004845e+00 1.176593204272038617e+00 3.000000000000000000e+02
7.673894797222563291e+00 1.213746929867225655e+00 3.000000000000000000e+02
7.725061151394758241e+00 1.274604470582827442e+00 3.000000000000000000e+02
7.776371184242598211e+00 1.158091969394777543e+00 3.000000000000000000e+02
7.826311304729717477e+00 1.270992909227585121e+00 3.000000000000000000e+02
7.874462345075802006e+00 1.238339400932829237e+00 3.000000000000000000e+02
7.924049529648324430e+00 1.221691020875443234e+00 3.000000000000000000e+02
7.973660792310251821e+00 1.170464655851446878e+00 3.000000000000000000e+02
8.025278814145275774e+00 1.223755734615369795e+00 3.000000000000000000e+02
8.074407536065109525e+00 1.145889225368703856e+00 3.000000000000000000e+02
8.124142950714924538e+00 1.179415776550052142e+00 3.000000000000000000e+02
8.173557822168818987e+00 1.206954641419907714e+00 3.000000000000000000e+02
8.224856786592409819e+00 1.129349621110932178e+00 3.000000000000000000e+02
8.276147407393562361e+00 1.147603158370392951e+00 3.000000000000000000e+02
8.322708431906638893e+00 1.040490739622063288e+00 3.000000000000000000e+02
8.375305646640166302e+00 1.035250611277232613e+00 3.000000000000000000e+02
8.423806419602980711e+00 1.070599716590287409e+00 3.000000000000000000e+02
8.475377584008175091e+00 1.042360937818891831e+00 3.000000000000000000e+02
8.524537057215036739e+00 1.036301569171069525e+00 3.000000000000000000e+02
8.573044884318967718e+00 9.899891323923103448e-01 3.000000000000000000e+02
8.624275175087234402e+00 1.034688382508580196e+00 3.000000000000000000e+02
8.676077540008131805e+00 1.038998928352157680e+00 3.000000000000000000e+02
8.724625791347868642e+00 9.910357147372530484e-01 3.000000000000000000e+02
8.775195100126866876e+00 1.028119677568384294e+00 3.000000000000000000e+02
8.824646847185757537e+00 9.778250157512518026e-01 3.000000000000000000e+02
8.876316267645945501e+00 9.997730918467077066e-01 3.000000000000000000e+02
8.926706665739342128e+00 1.036900085492814094e+00 3.000000000000000000e+02
8.973973261118299405e+00 9.954556229131441558e-01 3.000000000000000000e+02
9.025367206920694940e+00 1.003558847918597285e+00 3.000000000000000000e+02
9.074404066565584515e+00 1.050620820791453136e+00 3.000000000000000000e+02
9.125089127272939749e+00 9.973398118302774229e-01 3.000000000000000000e+02
9.176200044888947360e+00 1.030359922034982612e+00 3.000000000000000000e+02
9.223743262643111507e+00 1.017407005474983528e+00 3.000000000000000000e+02
9.274845701145565613e+00 1.089233905875970354e+00 3.000000000000000000e+02
9.326589695760958421e+00 1.116363298224731571e+00 3.000000000000000000e+02
9.374088367093927232e+00 1.007687419552946828e+00 3.000000000000000000e+02
9.424884188702645105e+00 1.029280224520105813e+00 3.000000000000000000e+02
9.476319221919830227e+00 1.044950733718724267e+00 3.000000000000000000e+02
9.523428779852080694e+00 1.024561881670704500e+00 3.000000000000000000e+02
9.574094504330203037e+00 1.065210759908725269e+00 3.000000000000000000e+02
9.625393426885942461e+00 1.033497093127444533e+00 3.000000000000000000e+02
9.675917409916353407e+00 1.061484653045220439e+00 3.000000000000000000e+02
9.724937240441134279e+00 1.076462432697531613e+00 3.000000000000000000e+02
9.773869653387622591e+00 1.033625104455821564e+00 3.000000000000000000e+02
9.826395471579280283e+00 1.019593255724292158e+00 3.000000000000000000e+02
9.874270115240838308e+00 1.040697684536080692e+00 3.000000000000000000e+02
9.924238787848723931e+00 1.013918295793225566e+00 3.000000000000000000e+02
9.974489531351231619e+00 1.058940199152838213e+00 3.000000000000000000e+02
