# angle(deg)  P(Si-O-Si)  P(O-Si-O)   [1 deg bin, normalized]
6.100000000000000000e+01 0.000000000000000000e+00 0.000000000000000000e+00
6.200000000000000000e+01 0.000000000000000000e+00 0.000000000000000000e+00
6.300000000000000000e+01 0.000000000000000000e+00 0.000000000000000000e+00
6.400000000000000000e+01 0.000000000000000000e+00 0.000000000000000000e+00
6.500000000000000000e+01 0.000000000000000000e+00 0.000000000000000000e+00
6.600000000000000000e+01 0.000000000000000000e+00 0.000000000000000000e+00
6.700000000000000000e+01 0.000000000000000000e+00 0.000000000000000000e+00
6.800000000000000000e+01 0.000000000000000000e+00 0.000000000000000000e+00
6.900000000000000000e+01 0.000000000000000000e+00 0.000000000000000000e+00
7.000000000000000000e+01 0.000000000000000000e+00 0.000000000000000000e+00
7.100000000000000000e+01 0.000000000000000000e+00 0.000000000000000000e+00
7.200000000000000000e+01 0.000000000000000000e+00 0.000000000000000000e+00
7.300000000000000000e+01 0.000000000000000000e+00 0.000000000000000000e+00
7.400000000000000000e+01 0.000000000000000000e+00 0.000000000000000000e+00
7.500000000000000000e+01 0.000000000000000000e+00 0.000000000000000000e+00
7.600000000000000000e+01 0.000000000000000000e+00 1.531571821528998794e-06
7.700000000000000000e+01 0.000000000000000000e+00 0.000000000000000000e+00
7.800000000000000000e+01 0.000000000000000000e+00 6.126287286115995176e-06
7.900000000000000000e+01 0.000000000000000000e+00 4.594715464586995959e-06
8.000000000000000000e+01 0.000000000000000000e+00 1.531571821528998709e-05
8.100000000000000000e+01 0.000000000000000000e+00 1.837886185834798383e-05
8.200000000000000000e+01 4.608953352783116289e-06 4.135243918128296786e-05
8.300000000000000000e+01 4.608953352783116289e-06 7.811016289797894231e-05
8.400000000000000000e+01 3.226267346948181233e-05 7.657859107644993547e-05
8.500000000000000000e+01 1.013969737612285685e-04 8.729959382715292914e-05
8.600000000000000000e+01 1.013969737612285685e-04 1.225257457223198967e-04
8.700000000000000000e+01 1.797491807585415336e-04 1.332467484730229040e-04
8.800000000000000000e+01 1.981849941696740055e-04 1.730676158327768650e-04
8.900000000000000000e+01 2.212297609335895819e-04 1.669413285466608647e-04
9.000000000000000000e+01 1.751402274057584291e-04 2.006359086202988526e-04
9.100000000000000000e+01 1.935760408168909011e-04 1.883833340480668521e-04
9.200000000000000000e+01 1.290506938779272493e-04 2.557724941953427736e-04
9.300000000000000000e+01 1.843581341113246515e-05 3.553246625947277439e-04
9.400000000000000000e+01 2.765372011669869773e-05 6.846126042234624122e-04
9.500000000000000000e+01 4.608953352783116289e-06 1.269673040047539963e-03
9.600000000000000000e+01 0.000000000000000000e+00 2.306547163222672295e-03
9.700000000000000000e+01 0.000000000000000000e+00 3.959113158652462043e-03
9.800000000000000000e+01 0.000000000000000000e+00 6.565848398894817348e-03
9.900000000000000000e+01 0.000000000000000000e+00 1.027225220699499487e-02
1.000000000000000000e+02 0.000000000000000000e+00 1.543518081736925014e-02
1.010000000000000000e+02 0.000000000000000000e+00 2.208832881009122062e-02
1.020000000000000000e+02 9.217906705566232577e-06 2.941689997610747939e-02
1.030000000000000000e+02 1.382686005834934887e-05 3.843020014580563609e-02
1.040000000000000000e+02 2.304476676391558314e-05 4.714790695394870113e-02
1.050000000000000000e+02 1.843581341113246515e-05 5.652572121717075460e-02
1.060000000000000000e+02 8.296116035009609658e-05 6.470431474413561312e-02
1.070000000000000000e+02 1.060059271140116729e-04 7.030833603911021412e-02
1.080000000000000000e+02 1.935760408168909011e-04 7.376662521212269674e-02
1.090000000000000000e+02 3.410625481059505952e-04 7.550495922955810513e-02
1.100000000000000000e+02 4.009789416921311425e-04 7.297480258039221179e-02
1.110000000000000000e+02 6.406445160368532234e-04 6.963444443763745773e-02
1.120000000000000000e+02 8.526563702648765151e-04 6.361077246356390547e-02
1.130000000000000000e+02 1.069277177845683047e-03 5.618111755732673601e-02
1.140000000000000000e+02 1.437993446068332268e-03 4.842370628128235543e-02
1.150000000000000000e+02 1.921933548110559562e-03 4.008276614123542497e-02
1.160000000000000000e+02 2.309085629744341527e-03 3.280320527350809312e-02
1.170000000000000000e+02 2.756154104964303551e-03 2.575031703536705477e-02
1.180000000000000000e+02 3.608810475229180283e-03 1.979862893690536793e-02
1.190000000000000000e+02 4.521383239080236857e-03 1.493129368808620953e-02
1.200000000000000000e+02 5.360212749286764194e-03 1.095533323939692875e-02
1.210000000000000000e+02 6.623065967949338766e-03 7.582812088390072577e-03
1.220000000000000000e+02 7.572510358622660392e-03 5.320680507991741928e-03
1.230000000000000000e+02 9.065811244924389806e-03 3.795234973748859084e-03
1.240000000000000000e+02 9.655757274080628907e-03 2.579166947454834130e-03
1.250000000000000000e+02 1.147168489507717666e-02 1.742928732900000596e-03
1.260000000000000000e+02 1.293733206126220815e-02 1.239041603616959988e-03
1.270000000000000000e+02 1.419557632657199829e-02 7.060546097248684809e-04
1.280000000000000000e+02 1.512197595048140469e-02 4.273085382065906724e-04
1.290000000000000000e+02 1.725592135281998896e-02 2.634303533029877672e-04
1.300000000000000000e+02 1.860634468518543999e-02 1.899149058695958454e-04
1.310000000000000000e+02 1.905341316040540245e-02 1.179310302577329033e-04
1.320000000000000000e+02 2.092464822163534952e-02 6.279444468268895521e-05
1.330000000000000000e+02 2.169434343155013031e-02 4.441558282434096799e-05
1.340000000000000000e+02 2.254699980181500488e-02 1.837886185834798383e-05
1.350000000000000000e+02 2.413708870852518049e-02 2.756829278752197745e-05
1.360000000000000000e+02 2.482843171144264935e-02 2.450514914446398070e-05
1.370000000000000000e+02 2.503122565896510540e-02 1.684729003681898716e-05
1.380000000000000000e+02 2.524323751319312858e-02 9.189430929173991917e-06
1.390000000000000000e+02 2.685176223331443499e-02 1.225257457223199035e-05
1.400000000000000000e+02 2.704072932077854555e-02 1.378414639376098872e-05
1.410000000000000000e+02 2.747397093594015904e-02 1.531571821528998709e-05
1.420000000000000000e+02 2.741866349570675973e-02 2.756829278752197745e-05
1.430000000000000000e+02 2.718360687471482046e-02 1.072100275070299198e-05
1.440000000000000000e+02 2.719282478142038759e-02 9.189430929173991917e-06
1.450000000000000000e+02 2.682871746655052236e-02 4.594715464586995959e-06
1.460000000000000000e+02 2.698542188054514623e-02 1.378414639376098872e-05
1.470000000000000000e+02 2.641391166480003966e-02 7.657859107644993547e-06
1.480000000000000000e+02 2.606363120998852340e-02 9.189430929173991917e-06
1.490000000000000000e+02 2.567187017500196025e-02 9.189430929173991917e-06
1.500000000000000000e+02 2.461641985721462617e-02 7.657859107644993547e-06
1.510000000000000000e+02 2.399421115458890558e-02 7.657859107644993547e-06
1.520000000000000000e+02 2.279127432951251128e-02 6.126287286115995176e-06
1.530000000000000000e+02 2.221054620706183758e-02 4.594715464586995959e-06
1.540000000000000000e+02 2.145467785720540574e-02 4.594715464586995959e-06
1.550000000000000000e+02 2.073107218081845712e-02 1.072100275070299198e-05
1.560000000000000000e+02 1.997981278431481059e-02 2.144200550140598396e-05
1.570000000000000000e+02 1.847268503795473221e-02 7.657859107644993547e-06
1.580000000000000000e+02 1.853260143154090989e-02 1.378414639376098872e-05
1.590000000000000000e+02 1.739879890675626387e-02 1.225257457223199035e-05
1.600000000000000000e+02 1.699321101171135176e-02 1.378414639376098872e-05
1.610000000000000000e+02 1.557826233240693428e-02 2.450514914446398070e-05
1.620000000000000000e+02 1.476247758896432130e-02 6.126287286115995176e-06
1.630000000000000000e+02 1.370702727117698895e-02 1.531571821528998709e-05
1.640000000000000000e+02 1.269305753356470348e-02 1.531571821528998709e-05
1.650000000000000000e+02 1.175744000294972995e-02 1.378414639376098872e-05
1.660000000000000000e+02 1.067433596504569794e-02 1.684729003681898716e-05
1.670000000000000000e+02 1.017656900294512147e-02 6.126287286115995176e-06
1.680000000000000000e+02 8.909106830929764201e-03 7.657859107644993547e-06
1.690000000000000000e+02 8.051841507312104337e-03 4.594715464586995959e-06
1.700000000000000000e+02 7.222229903811143263e-03 6.126287286115995176e-06
1.710000000000000000e+02 6.526277947540892570e-03 7.657859107644993547e-06
1.720000000000000000e+02 5.374039609345114023e-03 3.063143643057997588e-06
1.730000000000000000e+02 4.945406947536284091e-03 0.000000000000000000e+00
1.740000000000000000e+02 3.899174536454516702e-03 1.531571821528998794e-06
1.750000000000000000e+02 3.622637335287529677e-03 1.531571821528998794e-06
1.760000000000000000e+02 2.687019804672557011e-03 0.000000000000000000e+00
1.770000000000000000e+02 2.129336448985799830e-03 0.000000000000000000e+00
1.780000000000000000e+02 1.331987518954320677e-03 0.000000000000000000e+00
1.790000000000000000e+02 6.268176559785038288e-04 0.000000000000000000e+00
