# frames 151  rho0 0.066151  RMAX 15.0  Lorch window
# q(1/A)  S_N(q)
5.000000000000000000e-01 2.633021788960759890e-01
5.200000000000000178e-01 2.678686714547047210e-01
5.400000000000000355e-01 2.716415790110854322e-01
5.600000000000000533e-01 2.746919743666593750e-01
5.800000000000000711e-01 2.771231067267168058e-01
6.000000000000000888e-01 2.790652603201553283e-01
6.200000000000001066e-01 2.806694186285642045e-01
6.400000000000001243e-01 2.821001435147839631e-01
6.600000000000001421e-01 2.835281229539921011e-01
6.800000000000001599e-01 2.851228557200711222e-01
7.000000000000001776e-01 2.870459254175176111e-01
7.200000000000001954e-01 2.894452708256688434e-01
7.400000000000002132e-01 2.924507877036444103e-01
7.600000000000002309e-01 2.961715037621697189e-01
7.800000000000002487e-01 3.006944595980893808e-01
8.000000000000002665e-01 3.060853111409429506e-01
8.200000000000002842e-01 3.123905512182499900e-01
8.400000000000003020e-01 3.196411368566273170e-01
8.600000000000003197e-01 3.278572120647968990e-01
8.800000000000003375e-01 3.370535393149385328e-01
9.000000000000003553e-01 3.472452016393740015e-01
9.200000000000003730e-01 3.584531144426489346e-01
9.400000000000003908e-01 3.707088932185346186e-01
9.600000000000004086e-01 3.840586598796970064e-01
9.800000000000004263e-01 3.985654340267414941e-01
1.000000000000000444e+00 4.143098421927994268e-01
1.020000000000000462e+00 4.313889824813227358e-01
1.040000000000000480e+00 4.499133976005693647e-01
1.060000000000000497e+00 4.700022289914332907e-01
1.080000000000000515e+00 4.917767412715629005e-01
1.100000000000000533e+00 5.153525125814359953e-01
1.120000000000000551e+00 5.408306763252721527e-01
1.140000000000000568e+00 5.682886680379038991e-01
1.160000000000000586e+00 5.977709738395857730e-01
1.180000000000000604e+00 6.292803919035661053e-01
1.200000000000000622e+00 6.627703049716624495e-01
1.220000000000000639e+00 6.981384212933052780e-01
1.240000000000000657e+00 7.352223760695439925e-01
1.260000000000000675e+00 7.737974995385827892e-01
1.280000000000000693e+00 8.135769562916014275e-01
1.300000000000000711e+00 8.542143490313411913e-01
1.320000000000000728e+00 8.953087649126310055e-01
1.340000000000000746e+00 9.364121299461466430e-01
1.360000000000000764e+00 9.770386324405839762e-01
1.380000000000000782e+00 1.016675885147767966e+00
1.400000000000000799e+00 1.054797421754363862e+00
1.420000000000000817e+00 1.090876069594113318e+00
1.440000000000000835e+00 1.124397708662284501e+00
1.460000000000000853e+00 1.154874917672046530e+00
1.480000000000000870e+00 1.181860020280998125e+00
1.500000000000000888e+00 1.204957076954404460e+00
1.520000000000000906e+00 1.223832417566213637e+00
1.540000000000000924e+00 1.238223373471321054e+00
1.560000000000000941e+00 1.247944941718321488e+00
1.580000000000000959e+00 1.252894194471178446e+00
1.600000000000000977e+00 1.253052329819214883e+00
1.620000000000000995e+00 1.248484342516372303e+00
1.640000000000001013e+00 1.239336371789510283e+00
1.660000000000001030e+00 1.225830855731954605e+00
1.680000000000001048e+00 1.208259686097008512e+00
1.700000000000001066e+00 1.186975612272490377e+00
1.720000000000001084e+00 1.162382188148510354e+00
1.740000000000001101e+00 1.134922590247432916e+00
1.760000000000001119e+00 1.105067659979420025e+00
1.780000000000001137e+00 1.073303537559521237e+00
1.800000000000001155e+00 1.040119260421858094e+00
1.820000000000001172e+00 1.005994695347314449e+00
1.840000000000001190e+00 9.713891613673644176e-01
1.860000000000001208e+00 9.367310800919209646e-01
1.880000000000001226e+00 9.024089615954701271e-01
1.900000000000001243e+00 8.687639974715097857e-01
1.920000000000001261e+00 8.360844882166833525e-01
1.940000000000001279e+00 8.046022799148997429e-01
1.960000000000001297e+00 7.744913256479765140e-01
1.980000000000001315e+00 7.458684208737278443e-01
2.000000000000001332e+00 7.187960903166892290e-01
2.020000000000001350e+00 6.932875283362955887e-01
2.040000000000001368e+00 6.693134174253148050e-01
2.060000000000001386e+00 6.468103731138220569e-01
2.080000000000001403e+00 6.256906912225221884e-01
2.100000000000001421e+00 6.058530085591441461e-01
2.120000000000001439e+00 5.871934343706670667e-01
2.140000000000001457e+00 5.696166706804355329e-01
2.160000000000001474e+00 5.530466182816795584e-01
2.180000000000001492e+00 5.374359643069361869e-01
2.200000000000001510e+00 5.227742688337451149e-01
2.220000000000001528e+00 5.090941128013839467e-01
2.240000000000001545e+00 4.964749373070898031e-01
2.260000000000001563e+00 4.850442935492009777e-01
2.280000000000001581e+00 4.749763304067617931e-01
2.300000000000001599e+00 4.664874687561092470e-01
2.320000000000001616e+00 4.598293428816785378e-01
2.340000000000001634e+00 4.552792236154044048e-01
2.360000000000001652e+00 4.531282684292790019e-01
2.380000000000001670e+00 4.536680636775384245e-01
2.400000000000001688e+00 4.571760267785719423e-01
2.420000000000001705e+00 4.639003151618098508e-01
2.440000000000001723e+00 4.740449390762565551e-01
2.460000000000001741e+00 4.877557929902159861e-01
2.480000000000001759e+00 5.051083030522209860e-01
2.500000000000001776e+00 5.260973355025317932e-01
2.520000000000001794e+00 5.506299245200617642e-01
2.540000000000001812e+00 5.785212611717289732e-01
2.560000000000001830e+00 6.094942430940434308e-01
2.580000000000001847e+00 6.431827240154278647e-01
2.600000000000001865e+00 6.791384311556081244e-01
2.620000000000001883e+00 7.168413456216387036e-01
2.640000000000001901e+00 7.557131751552067511e-01
2.660000000000001918e+00 7.951333987483047983e-01
2.680000000000001936e+00 8.344572367800277002e-01
2.700000000000001954e+00 8.730348052781448098e-01
2.720000000000001972e+00 9.102306539036708610e-01
2.740000000000001990e+00 9.454428675908989055e-01
2.760000000000002007e+00 9.781209326057892506e-01
2.780000000000002025e+00 1.007781628048195488e+00
2.800000000000002043e+00 1.034022300284354490e+00
2.820000000000002061e+00 1.056531005232626885e+00
2.840000000000002078e+00 1.075093154925940375e+00
2.860000000000002096e+00 1.089594472139364445e+00
2.880000000000002114e+00 1.100020231091503264e+00
2.900000000000002132e+00 1.106450934009642451e+00
2.920000000000002149e+00 1.109054733651030356e+00
2.940000000000002167e+00 1.108077052431260423e+00
2.960000000000002185e+00 1.103827962604905011e+00
2.980000000000002203e+00 1.096667973586878508e+00
3.000000000000002220e+00 1.086992918529929408e+00
3.020000000000002238e+00 1.075218641306138201e+00
3.040000000000002256e+00 1.061766157825832835e+00
3.060000000000002274e+00 1.047047904947308483e+00
3.080000000000002292e+00 1.031455600687138263e+00
3.100000000000002309e+00 1.015350127136322333e+00
3.120000000000002327e+00 9.990537196210473869e-01
3.140000000000002345e+00 9.828446100517305162e-01
3.160000000000002363e+00 9.669541370588855544e-01
3.180000000000002380e+00 9.515662080579280202e-01
3.200000000000002398e+00 9.368188856661650021e-01
3.220000000000002416e+00 9.228077785851631631e-01
3.240000000000002434e+00 9.095908493520282745e-01
3.260000000000002451e+00 8.971942107663907207e-01
3.280000000000002469e+00 8.856184700623823680e-01
3.300000000000002487e+00 8.748451940245980385e-01
3.320000000000002505e+00 8.648431066507509257e-01
3.340000000000002522e+00 8.555736896814947201e-01
3.360000000000002540e+00 8.469959303360876657e-01
3.380000000000002558e+00 8.390700442127836389e-01
3.400000000000002576e+00 8.317600885501652552e-01
3.420000000000002593e+00 8.250354660294214604e-01
3.440000000000002611e+00 8.188713966478106121e-01
3.460000000000002629e+00 8.132485003488607589e-01
3.480000000000002647e+00 8.081516825721339892e-01
3.500000000000002665e+00 8.035685464560680114e-01
3.520000000000002682e+00 7.994875682020206042e-01
3.540000000000002700e+00 7.958962665262878655e-01
3.560000000000002718e+00 7.927795748601836889e-01
3.580000000000002736e+00 7.901185887291595211e-01
3.600000000000002753e+00 7.878898140836644304e-01
3.620000000000002771e+00 7.860649893240043706e-01
3.640000000000002789e+00 7.846114986304194572e-01
3.660000000000002807e+00 7.834933411543348880e-01
3.680000000000002824e+00 7.826725734398800594e-01
3.700000000000002842e+00 7.821111042872418428e-01
3.720000000000002860e+00 7.817726944785514664e-01
3.740000000000002878e+00 7.816249997520766657e-01
3.760000000000002895e+00 7.816414945213642218e-01
3.780000000000002913e+00 7.818031255056854256e-01
3.800000000000002931e+00 7.820995671940697003e-01
3.820000000000002949e+00 7.825299827000155029e-01
3.840000000000002967e+00 7.831032313320230864e-01
3.860000000000002984e+00 7.838375050489896356e-01
3.880000000000003002e+00 7.847594167581735114e-01
3.900000000000003020e+00 7.859026011746755858e-01
3.920000000000003038e+00 7.873059210914146178e-01
3.940000000000003055e+00 7.890113963447928924e-01
3.960000000000003073e+00 7.910619881066436321e-01
3.980000000000003091e+00 7.934993767254968633e-01
4.000000000000003553e+00 7.963618672637162721e-01
4.020000000000003126e+00 7.996825439169300553e-01
4.040000000000002700e+00 8.034877740496955134e-01
4.060000000000003162e+00 8.077961364974119984e-01
4.080000000000003624e+00 8.126178192349211571e-01
4.100000000000003197e+00 8.179545007871570350e-01
4.120000000000002771e+00 8.237997000909853540e-01
4.140000000000003233e+00 8.301395529208324131e-01
4.160000000000003695e+00 8.369539511098502693e-01
4.180000000000003268e+00 8.442179648081056254e-01
4.200000000000002842e+00 8.519034585598780351e-01
4.220000000000003304e+00 8.599808091410271471e-01
4.240000000000003766e+00 8.684206364361721775e-01
4.260000000000003340e+00 8.771954672579570511e-01
4.280000000000002913e+00 8.862812646652977744e-01
4.300000000000003375e+00 8.956587705435044011e-01
4.320000000000003837e+00 9.053146253967252477e-01
4.340000000000003411e+00 9.152422449545064564e-01
4.360000000000002984e+00 9.254424469745531345e-01
4.380000000000003446e+00 9.359238324911958173e-01
4.400000000000003908e+00 9.467029330454068692e-01
4.420000000000003482e+00 9.578041388882788665e-01
4.440000000000003055e+00 9.692594229525988148e-01
4.460000000000003517e+00 9.811078721086019527e-01
4.480000000000003979e+00 9.933950317619176795e-01
4.500000000000003553e+00 1.006172063351349788e+00
4.520000000000003126e+00 1.019494708019988538e+00
4.540000000000003588e+00 1.033422044920516258e+00
4.560000000000004050e+00 1.048015030402370096e+00
4.580000000000003624e+00 1.063334805601945598e+00
4.600000000000003197e+00 1.079440765271160174e+00
4.620000000000003659e+00 1.096388390190311757e+00
4.640000000000004121e+00 1.114226858945364773e+00
4.660000000000003695e+00 1.132996471511529935e+00
4.680000000000003268e+00 1.152725935897280118e+00
4.700000000000003730e+00 1.173429588683111646e+00
4.720000000000004192e+00 1.195104639052097406e+00
4.740000000000003766e+00 1.217728542189092655e+00
4.760000000000003340e+00 1.241256620109437492e+00
4.780000000000003801e+00 1.265620054638308956e+00
4.800000000000004263e+00 1.290724377277652213e+00
4.820000000000003837e+00 1.316448573356679530e+00
4.840000000000003411e+00 1.342644902934219786e+00
4.860000000000003872e+00 1.369139518697965574e+00
4.880000000000004334e+00 1.395733932400637034e+00
4.900000000000003908e+00 1.422207347485474616e+00
4.920000000000003482e+00 1.448319838194738196e+00
4.940000000000003944e+00 1.473816316644144253e+00
4.960000000000004405e+00 1.498431191281732966e+00
4.980000000000003979e+00 1.521893585065364984e+00
5.000000000000003553e+00 1.543932951710106138e+00
5.020000000000004015e+00 1.564284905340886045e+00
5.040000000000004476e+00 1.582697064320375269e+00
5.060000000000004050e+00 1.598934704905903725e+00
5.080000000000003624e+00 1.612786025166602188e+00
5.100000000000004086e+00 1.624066834119092917e+00
5.120000000000004547e+00 1.632624504591210002e+00
5.140000000000004121e+00 1.638341059635151531e+00
5.160000000000003695e+00 1.641135299663798897e+00
5.180000000000004157e+00 1.640963918808886923e+00
5.200000000000004619e+00 1.637821602014554623e+00
5.220000000000004192e+00 1.631740136731761215e+00
5.240000000000003766e+00 1.622786612493607006e+00
5.260000000000004228e+00 1.611060816073682345e+00
5.280000000000004690e+00 1.596691957647917715e+00
5.300000000000004263e+00 1.579834883127835043e+00
5.320000000000003837e+00 1.560665938855166690e+00
5.340000000000004299e+00 1.539378656936736256e+00
5.360000000000004761e+00 1.516179422990291847e+00
5.380000000000004334e+00 1.491283273807788357e+00
5.400000000000003908e+00 1.464909951697863200e+00
5.420000000000004370e+00 1.437280316655915824e+00
5.440000000000004832e+00 1.408613188859986876e+00
5.460000000000004405e+00 1.379122664226887673e+00
5.480000000000003979e+00 1.349015916771223456e+00
5.500000000000004441e+00 1.318491475014804681e+00
5.520000000000004903e+00 1.287737937152380052e+00
5.540000000000004476e+00 1.256933072195750789e+00
5.560000000000004050e+00 1.226243242585802973e+00
5.580000000000004512e+00 1.195823078037357101e+00
5.600000000000004974e+00 1.165815330488713997e+00
5.620000000000004547e+00 1.136350845392338327e+00
5.640000000000004121e+00 1.107548594294446298e+00
5.660000000000004583e+00 1.079515726544650889e+00
5.680000000000005045e+00 1.052347612731032722e+00
5.700000000000004619e+00 1.026127867678104266e+00
5.720000000000004192e+00 1.000928355254393720e+00
5.740000000000004654e+00 9.768091896406247976e-01
5.760000000000005116e+00 9.538187571661475017e-01
5.780000000000004690e+00 9.319937886788755010e-01
5.800000000000004263e+00 9.113595143486916683e-01
5.820000000000004725e+00 8.919299308313297647e-01
5.840000000000005187e+00 8.737082051783393588e-01
5.860000000000004761e+00 8.566872313930640193e-01
5.880000000000004334e+00 8.408503449523020423e-01
5.900000000000004796e+00 8.261721889387052542e-01
5.920000000000005258e+00 8.126197137266379933e-01
5.940000000000004832e+00 8.001532814801125548e-01
5.960000000000004405e+00 7.887278379976632170e-01
5.980000000000004867e+00 7.782941084408430132e-01
6.000000000000005329e+00 7.687997707409677250e-01
6.020000000000004903e+00 7.601905612504039622e-01
6.040000000000004476e+00 7.524112714582216199e-01
6.060000000000004938e+00 7.454066020103631285e-01
6.080000000000005400e+00 7.391218502914911337e-01
6.100000000000004974e+00 7.335034196615497493e-01
6.120000000000004547e+00 7.284991511721028434e-01
6.140000000000005009e+00 7.240584912213077207e-01
6.160000000000005471e+00 7.201325201538746335e-01
6.180000000000005045e+00 7.166738763684944447e-01
6.200000000000004619e+00 7.136366173077106634e-01
6.220000000000005080e+00 7.109760622321266155e-01
6.240000000000005542e+00 7.086486616318045106e-01
6.260000000000005116e+00 7.066119344858645679e-01
6.280000000000004690e+00 7.048245076043426760e-01
6.300000000000005151e+00 7.032462814872202372e-01
6.320000000000005613e+00 7.018387352435602189e-01
6.340000000000005187e+00 7.005653700202172374e-01
6.360000000000004761e+00 6.993922770812727174e-01
6.380000000000005222e+00 6.982888041648198652e-01
6.400000000000005684e+00 6.972282829786372593e-01
6.420000000000005258e+00 6.961887725125674997e-01
6.440000000000004832e+00 6.951537678896473338e-01
6.460000000000005294e+00 6.941128231636196633e-01
6.480000000000005755e+00 6.930620389468762355e-01
6.500000000000005329e+00 6.920043718942552324e-01
6.520000000000004903e+00 6.909497324817490682e-01
6.540000000000005365e+00 6.899148495735494269e-01
6.560000000000005826e+00 6.889228941406182471e-01
6.580000000000005400e+00 6.880028692191021422e-01
6.600000000000004974e+00 6.871887877512118381e-01
6.620000000000005436e+00 6.865186733155335119e-01
6.640000000000005898e+00 6.860334299886704512e-01
6.660000000000005471e+00 6.857756358924942397e-01
6.680000000000005045e+00 6.857883197805354492e-01
6.700000000000005507e+00 6.861137809566866252e-01
6.720000000000005969e+00 6.867925098213525370e-01
6.740000000000005542e+00 6.878622595998460376e-01
6.760000000000005116e+00 6.893573097800038685e-01
6.780000000000005578e+00 6.913079491523951292e-01
6.800000000000006040e+00 6.937401919676893236e-01
6.820000000000005613e+00 6.966757255804778559e-01
6.840000000000005187e+00 7.001320730655851143e-01
6.860000000000005649e+00 7.041229406781405187e-01
6.880000000000006111e+00 7.086587085972364530e-01
6.900000000000005684e+00 7.137470149050584300e-01
6.920000000000005258e+00 7.193933777628469528e-01
6.940000000000005720e+00 7.256017995625937411e-01
6.960000000000006182e+00 7.323752995065682114e-01
6.980000000000005755e+00 7.397163273790046123e-01
7.000000000000005329e+00 7.476270207617063956e-01
7.020000000000005791e+00 7.561092799312560953e-01
7.040000000000006253e+00 7.651646483190045478e-01
7.060000000000005826e+00 7.747940007706102250e-01
7.080000000000005400e+00 7.849970559260367464e-01
7.100000000000005862e+00 7.957717419002665604e-01
7.120000000000006324e+00 8.071134552220012859e-01
7.140000000000005898e+00 8.190142609785903138e-01
7.160000000000005471e+00 8.314620868173010493e-01
7.180000000000005933e+00 8.444399645954863143e-01
7.200000000000006395e+00 8.579253710331173899e-01
7.220000000000005969e+00 8.718897129245692934e-01
7.240000000000005542e+00 8.862979937633321814e-01
7.260000000000006004e+00 9.011086876661543732e-01
7.280000000000006466e+00 9.162738340385898628e-01
7.300000000000006040e+00 9.317393533749097623e-01
7.320000000000005613e+00 9.474455718285342831e-01
7.340000000000006075e+00 9.633279305813424731e-01
7.360000000000006537e+00 9.793178463388111377e-01
7.380000000000006111e+00 9.953436820889814962e-01
7.400000000000005684e+00 1.011331783001474305e+00
7.420000000000006146e+00 1.027207531205602375e+00
7.440000000000006608e+00 1.042896375144329424e+00
7.460000000000006182e+00 1.058324794003077995e+00
7.480000000000005755e+00 1.073421164910722148e+00
7.500000000000006217e+00 1.088116509594294179e+00
7.520000000000006679e+00 1.102345107214620645e+00
7.540000000000006253e+00 1.116044970433965444e+00
7.560000000000005826e+00 1.129158191585385440e+00
7.580000000000006288e+00 1.141631174401138260e+00
7.600000000000006750e+00 1.153414773499234158e+00
7.620000000000006324e+00 1.164464368262714045e+00
7.640000000000005898e+00 1.174739899602115667e+00
7.660000000000006359e+00 1.184205897299052790e+00
7.680000000000006821e+00 1.192831522326148974e+00
7.700000000000006395e+00 1.200590643057995566e+00
7.720000000000005969e+00 1.207461957128182606e+00
7.740000000000006430e+00 1.213429162474364720e+00
7.760000000000006892e+00 1.218481172550395453e+00
7.780000000000006466e+00 1.222612362498709970e+00
7.800000000000006040e+00 1.225822825961910612e+00
7.820000000000006501e+00 1.228118616778708594e+00
7.840000000000006963e+00 1.229511946532555910e+00
7.860000000000006537e+00 1.230021308109274791e+00
7.880000000000006111e+00 1.229671497188237206e+00
7.900000000000006573e+00 1.228493507854085287e+00
7.920000000000007034e+00 1.226524284991051594e+00
7.940000000000006608e+00 1.223806324353391650e+00
7.960000000000006182e+00 1.220387120596171160e+00
7.980000000000006644e+00 1.216318473407347778e+00
8.000000000000007105e+00 1.211655671467014361e+00
8.020000000000006679e+00 1.206456582546061584e+00
8.040000000000006253e+00 1.200780684983285607e+00
8.060000000000005826e+00 1.194688080501594030e+00
8.080000000000007176e+00 1.188238530452274011e+00
8.100000000000006750e+00 1.181490556910293144e+00
8.120000000000006324e+00 1.174500646585919350e+00
8.140000000000007674e+00 1.167322589476092132e+00
8.160000000000007248e+00 1.160006975951332731e+00
8.180000000000006821e+00 1.152600866121996193e+00
8.200000000000006395e+00 1.145147634535552905e+00
8.220000000000005969e+00 1.137686982281840065e+00
8.240000000000007319e+00 1.130255098201944364e+00
8.260000000000006892e+00 1.122884941846316931e+00
8.280000000000006466e+00 1.115606613754514420e+00
8.300000000000007816e+00 1.108447774038576084e+00
8.320000000000007390e+00 1.101434068473228445e+00
8.340000000000006963e+00 1.094589522455855279e+00
8.360000000000006537e+00 1.087936867212623948e+00
8.380000000000006111e+00 1.081497769202934611e+00
8.400000000000007461e+00 1.075292942335108304e+00
8.420000000000007034e+00 1.069342132722538974e+00
8.440000000000006608e+00 1.063663976545138334e+00
8.460000000000007958e+00 1.058275742345796688e+00
8.480000000000007532e+00 1.053192978999005769e+00
8.500000000000007105e+00 1.048429098912277313e+00
8.520000000000006679e+00 1.043994932147173316e+00
8.540000000000006253e+00 1.039898290619748478e+00
8.560000000000007603e+00 1.036143582095262250e+00
8.580000000000007176e+00 1.032731511274755265e+00
8.600000000000006750e+00 1.029658900041996894e+00
8.620000000000008100e+00 1.026918651262548998e+00
8.640000000000007674e+00 1.024499870944050928e+00
8.660000000000007248e+00 1.022388152759153845e+00
8.680000000000006821e+00 1.020566017670723191e+00
8.700000000000006395e+00 1.019013490488690277e+00
8.720000000000007745e+00 1.017708785411924000e+00
8.740000000000007319e+00 1.016629064670015348e+00
8.760000000000006892e+00 1.015751228852489474e+00
8.780000000000008242e+00 1.015052694799281507e+00
8.800000000000007816e+00 1.014512117229165566e+00
8.820000000000007390e+00 1.014110013590808990e+00
8.840000000000006963e+00 1.013829257709522036e+00
8.860000000000006537e+00 1.013655416249740870e+00
8.880000000000007887e+00 1.013576912230230498e+00
8.900000000000007461e+00 1.013585011102702937e+00
8.920000000000007034e+00 1.013673636448235049e+00
8.940000000000008384e+00 1.013839033355313335e+00
8.960000000000007958e+00 1.014079307254080797e+00
8.980000000000007532e+00 1.014393873722911232e+00
9.000000000000007105e+00 1.014782860026527400e+00
9.020000000000006679e+00 1.015246501538488388e+00
9.040000000000008029e+00 1.015784575596266892e+00
9.060000000000007603e+00 1.016395911797590257e+00
9.080000000000007176e+00 1.017078011541731719e+00
9.100000000000008527e+00 1.017826801204621434e+00
9.120000000000008100e+00 1.018636533320268489e+00
9.140000000000007674e+00 1.019499839239778716e+00
9.160000000000007248e+00 1.020407925727152110e+00
9.180000000000006821e+00 1.021350897603594543e+00
9.200000000000008171e+00 1.022318179591837906e+00
9.220000000000007745e+00 1.023299003557444964e+00
9.240000000000007319e+00 1.024282922866993850e+00
9.260000000000008669e+00 1.025260313876043439e+00
9.280000000000008242e+00 1.026222825717393539e+00
9.300000000000007816e+00 1.027163743473889390e+00
9.320000000000007390e+00 1.028078236188014749e+00
9.340000000000006963e+00 1.028963469510875806e+00
9.360000000000008313e+00 1.029818572519080933e+00
9.380000000000007887e+00 1.030644458632151705e+00
9.400000000000007461e+00 1.031443510908006456e+00
9.420000000000008811e+00 1.032219151554745640e+00
9.440000000000008384e+00 1.032975323612086216e+00
9.460000000000007958e+00 1.033715918873588935e+00
9.480000000000007532e+00 1.034444189836815964e+00
9.500000000000007105e+00 1.035162184552133269e+00
9.520000000000008455e+00 1.035870241649297752e+00
9.540000000000008029e+00 1.036566578699698704e+00
9.560000000000007603e+00 1.037247000741823522e+00
9.580000000000008953e+00 1.037904747728688459e+00
9.600000000000008527e+00 1.038530490433449360e+00
9.620000000000008100e+00 1.039112474628957727e+00
9.640000000000007674e+00 1.039636803818003719e+00
9.660000000000007248e+00 1.040087842087639602e+00
9.680000000000008598e+00 1.040448711376606994e+00
9.700000000000008171e+00 1.040701852051916454e+00
9.720000000000007745e+00 1.040829612518941794e+00
9.740000000000009095e+00 1.040814832805946777e+00
9.760000000000008669e+00 1.040641388663916311e+00
9.780000000000008242e+00 1.040294666533348789e+00
9.800000000000007816e+00 1.039761945426565637e+00
9.820000000000007390e+00 1.039032668906906043e+00
9.840000000000008740e+00 1.038098598373922599e+00
9.860000000000008313e+00 1.036953847195520195e+00
9.880000000000007887e+00 1.035594803266611796e+00
9.900000000000009237e+00 1.034019954758664150e+00
9.920000000000008811e+00 1.032229639671047305e+00
9.940000000000008384e+00 1.030225743928254278e+00
9.960000000000007958e+00 1.028011374945607903e+00
9.980000000000007532e+00 1.025590537716863482e+00
1.000000000000000888e+01 1.022967838618333403e+00
1.002000000000000846e+01 1.020148238477354141e+00
1.004000000000000803e+01 1.017136871344773708e+00
1.006000000000000938e+01 1.013938939266598060e+00
1.008000000000000895e+01 1.010559686658485168e+00
1.010000000000000853e+01 1.007004451165097070e+00
1.012000000000000810e+01 1.003278781639337369e+00
1.014000000000000767e+01 9.993886085605622194e-01
1.016000000000000902e+01 9.953404482010312915e-01
1.018000000000000860e+01 9.911416194140442171e-01
1.020000000000000817e+01 9.868004511987691352e-01
1.022000000000000952e+01 9.823264602066787976e-01
1.024000000000000909e+01 9.777304799735424545e-01
1.026000000000000867e+01 9.730247276514739641e-01
1.028000000000000824e+01 9.682227990419889352e-01
1.030000000000000782e+01 9.633395883868584031e-01
1.032000000000000917e+01 9.583911352135414674e-01
1.034000000000000874e+01 9.533944061061523367e-01
1.036000000000000831e+01 9.483670241606352302e-01
1.038000000000000966e+01 9.433269627237310662e-01
1.040000000000000924e+01 9.382922225353172996e-01
1.042000000000000881e+01 9.332805124239840211e-01
1.044000000000000838e+01 9.283089531935581062e-01
1.046000000000000796e+01 9.233938223488850072e-01
1.048000000000000931e+01 9.185503540188434402e-01
1.050000000000000888e+01 9.137926041154011969e-01
1.052000000000000846e+01 9.091333857654382289e-01
1.054000000000000981e+01 9.045842747595870259e-01
1.056000000000000938e+01 9.001556795881398010e-01
1.058000000000000895e+01 8.958569659721288270e-01
1.060000000000000853e+01 8.916966219976951713e-01
1.062000000000000810e+01 8.876824473034509166e-01
1.064000000000000945e+01 8.838217484433572579e-01
1.066000000000000902e+01 8.801215226379243139e-01
1.068000000000000860e+01 8.765886136121194827e-01
1.070000000000000995e+01 8.732298259714124100e-01
1.072000000000000952e+01 8.700519883651547381e-01
1.074000000000000909e+01 8.670619602289915129e-01
1.076000000000000867e+01 8.642665818311481285e-01
1.078000000000000824e+01 8.616725722898769257e-01
1.080000000000000959e+01 8.592863848012134431e-01
1.082000000000000917e+01 8.571140321671337770e-01
1.084000000000000874e+01 8.551608985492673565e-01
1.086000000000001009e+01 8.534315549742458318e-01
1.088000000000000966e+01 8.519295963575925779e-01
1.090000000000000924e+01 8.506575166688475909e-01
1.092000000000000881e+01 8.496166364086015221e-01
1.094000000000000838e+01 8.488070929816096122e-01
1.096000000000000973e+01 8.482279000854046069e-01
1.098000000000000931e+01 8.478770772111228204e-01
1.100000000000000888e+01 8.477518451335001037e-01
1.102000000000001023e+01 8.478488782257235234e-01
1.104000000000000981e+01 8.481645999352699361e-01
1.106000000000000938e+01 8.486955041242856268e-01
1.108000000000000895e+01 8.494384824769484199e-01
1.110000000000000853e+01 8.503911369920081897e-01
1.112000000000000988e+01 8.515520568051837547e-01
1.114000000000000945e+01 8.529210402195507301e-01
1.116000000000000902e+01 8.544992457620596005e-01
1.118000000000001037e+01 8.562892601412893656e-01
1.120000000000000995e+01 8.582950758904163147e-01
1.122000000000000952e+01 8.605219769182395062e-01
1.124000000000000909e+01 8.629763358035377196e-01
1.126000000000000867e+01 8.656653320874286850e-01
1.128000000000001002e+01 8.685966056926927026e-01
1.130000000000000959e+01 8.717778636140003368e-01
1.132000000000000917e+01 8.752164609227621739e-01
1.134000000000001052e+01 8.789189787334186210e-01
1.136000000000001009e+01 8.828908219884131769e-01
1.138000000000000966e+01 8.871358587312399013e-01
1.140000000000000924e+01 8.916561200346276861e-01
1.142000000000000881e+01 8.964515761005861227e-01
1.144000000000001016e+01 9.015199994873854816e-01
1.146000000000000973e+01 9.068569212363717380e-01
1.148000000000000931e+01 9.124556801938781270e-01
1.150000000000001066e+01 9.183075603885426652e-01
1.152000000000001023e+01 9.244020062617043232e-01
1.154000000000000981e+01 9.307269011588172880e-01
1.156000000000000938e+01 9.372688910265629669e-01
1.158000000000000895e+01 9.440137329156114143e-01
1.160000000000001030e+01 9.509466467830168801e-01
1.162000000000000988e+01 9.580526492642483793e-01
1.164000000000000945e+01 9.653168495085714396e-01
1.166000000000001080e+01 9.727246897355799060e-01
1.168000000000001037e+01 9.802621167036699168e-01
1.170000000000000995e+01 9.879156745597407197e-01
1.172000000000000952e+01 9.956725143032184588e-01
1.174000000000000909e+01 1.003520320066377369e+00
1.176000000000001044e+01 1.011447157303382749e+00
1.178000000000001002e+01 1.019441252522649277e+00
1.180000000000000959e+01 1.027490718149422388e+00
1.182000000000001094e+01 1.035583239267215516e+00
1.184000000000001052e+01 1.043705741207639370e+00
1.186000000000001009e+01 1.051844058144199678e+00
1.188000000000000966e+01 1.059982622961727516e+00
1.190000000000000924e+01 1.068104197742008932e+00
1.192000000000001059e+01 1.076189662304139816e+00
1.194000000000001016e+01 1.084217875488209915e+00
1.196000000000000973e+01 1.092165620433807272e+00
1.198000000000001108e+01 1.100007641168399442e+00
1.200000000000001066e+01 1.107716773589008330e+00
