# frames 151  V 32652.488  rho0 0.066151  nO 1440 nSi 720
# r  g_SiO  g_OO  g_SiSi  g_total(neutron)
1.000000000000000021e-02 0.000000000000000000e+00 0.000000000000000000e+00 0.000000000000000000e+00 0.000000000000000000e+00
2.999999999999999889e-02 0.000000000000000000e+00 0.000000000000000000e+00 0.000000000000000000e+00 0.000000000000000000e+00
5.000000000000000278e-02 0.000000000000000000e+00 0.000000000000000000e+00 0.000000000000000000e+00 0.000000000000000000e+00
7.000000000000000666e-02 0.000000000000000000e+00 0.000000000000000000e+00 0.000000000000000000e+00 0.000000000000000000e+00
8.999999999999999667e-02 0.000000000000000000e+00 0.000000000000000000e+00 0.000000000000000000e+00 0.000000000000000000e+00
1.100000000000000006e-01 0.000000000000000000e+00 0.000000000000000000e+00 0.000000000000000000e+00 0.000000000000000000e+00
1.300000000000000044e-01 0.000000000000000000e+00 0.000000000000000000e+00 0.000000000000000000e+00 0.000000000000000000e+00
1.500000000000000222e-01 0.000000000000000000e+00 0.000000000000000000e+00 0.000000000000000000e+00 0.000000000000000000e+00
1.699999999999999845e-01 0.000000000000000000e+00 0.000000000000000000e+00 0.000000000000000000e+00 0.000000000000000000e+00
1.900000000000000022e-01 0.000000000000000000e+00 0.000000000000000000e+00 0.000000000000000000e+00 0.000000000000000000e+00
2.100000000000000200e-01 0.000000000000000000e+00 0.000000000000000000e+00 0.000000000000000000e+00 0.000000000000000000e+00
2.299999999999999822e-01 0.000000000000000000e+00 0.000000000000000000e+00 0.000000000000000000e+00 0.000000000000000000e+00
2.500000000000000000e-01 0.000000000000000000e+00 0.000000000000000000e+00 0.000000000000000000e+00 0.000000000000000000e+00
2.700000000000000178e-01 0.000000000000000000e+00 0.000000000000000000e+00 0.000000000000000000e+00 0.000000000000000000e+00
2.900000000000000355e-01 0.000000000000000000e+00 0.000000000000000000e+00 0.000000000000000000e+00 0.000000000000000000e+00
3.099999999999999978e-01 0.000000000000000000e+00 0.000000000000000000e+00 0.000000000000000000e+00 0.000000000000000000e+00
3.300000000000000155e-01 0.000000000000000000e+00 0.000000000000000000e+00 0.000000000000000000e+00 0.000000000000000000e+00
3.499999999999999778e-01 0.000000000000000000e+00 0.000000000000000000e+00 0.000000000000000000e+00 0.000000000000000000e+00
3.699999999999999956e-01 0.000000000000000000e+00 0.000000000000000000e+00 0.000000000000000000e+00 0.000000000000000000e+00
3.900000000000000133e-01 0.000000000000000000e+00 0.000000000000000000e+00 0.000000000000000000e+00 0.000000000000000000e+00
4.100000000000000311e-01 0.000000000000000000e+00 0.000000000000000000e+00 0.000000000000000000e+00 0.000000000000000000e+00
4.299999999999999933e-01 0.000000000000000000e+00 0.000000000000000000e+00 0.000000000000000000e+00 0.000000000000000000e+00
4.500000000000000111e-01 0.000000000000000000e+00 0.000000000000000000e+00 0.000000000000000000e+00 0.000000000000000000e+00
4.699999999999999734e-01 0.000000000000000000e+00 0.000000000000000000e+00 0.000000000000000000e+00 0.000000000000000000e+00
4.899999999999999911e-01 0.000000000000000000e+00 0.000000000000000000e+00 0.000000000000000000e+00 0.000000000000000000e+00
5.100000000000000089e-01 0.000000000000000000e+00 0.000000000000000000e+00 0.000000000000000000e+00 0.000000000000000000e+00
5.300000000000000266e-01 0.000000000000000000e+00 0.000000000000000000e+00 0.000000000000000000e+00 0.000000000000000000e+00
5.500000000000000444e-01 0.000000000000000000e+00 0.000000000000000000e+00 0.000000000000000000e+00 0.000000000000000000e+00
5.700000000000000622e-01 0.000000000000000000e+00 0.000000000000000000e+00 0.000000000000000000e+00 0.000000000000000000e+00
5.899999999999999689e-01 0.000000000000000000e+00 0.000000000000000000e+00 0.000000000000000000e+00 0.000000000000000000e+00
6.099999999999999867e-01 0.000000000000000000e+00 0.000000000000000000e+00 0.000000000000000000e+00 0.000000000000000000e+00
6.300000000000000044e-01 0.000000000000000000e+00 0.000000000000000000e+00 0.000000000000000000e+00 0.000000000000000000e+00
6.500000000000000222e-01 0.000000000000000000e+00 0.000000000000000000e+00 0.000000000000000000e+00 0.000000000000000000e+00
6.700000000000000400e-01 0.000000000000000000e+00 0.000000000000000000e+00 0.000000000000000000e+00 0.000000000000000000e+00
6.900000000000000577e-01 0.000000000000000000e+00 0.000000000000000000e+00 0.000000000000000000e+00 0.000000000000000000e+00
7.099999999999999645e-01 0.000000000000000000e+00 0.000000000000000000e+00 0.000000000000000000e+00 0.000000000000000000e+00
7.299999999999999822e-01 0.000000000000000000e+00 0.000000000000000000e+00 0.000000000000000000e+00 0.000000000000000000e+00
7.500000000000000000e-01 0.000000000000000000e+00 0.000000000000000000e+00 0.000000000000000000e+00 0.000000000000000000e+00
7.700000000000000178e-01 0.000000000000000000e+00 0.000000000000000000e+00 0.000000000000000000e+00 0.000000000000000000e+00
7.900000000000000355e-01 0.000000000000000000e+00 0.000000000000000000e+00 0.000000000000000000e+00 0.000000000000000000e+00
8.100000000000000533e-01 0.000000000000000000e+00 0.000000000000000000e+00 0.000000000000000000e+00 0.000000000000000000e+00
8.300000000000000711e-01 0.000000000000000000e+00 0.000000000000000000e+00 0.000000000000000000e+00 0.000000000000000000e+00
8.499999999999999778e-01 0.000000000000000000e+00 0.000000000000000000e+00 0.000000000000000000e+00 0.000000000000000000e+00
8.699999999999999956e-01 0.000000000000000000e+00 0.000000000000000000e+00 0.000000000000000000e+00 0.000000000000000000e+00
8.900000000000000133e-01 0.000000000000000000e+00 0.000000000000000000e+00 0.000000000000000000e+00 0.000000000000000000e+00
9.100000000000000311e-01 0.000000000000000000e+00 0.000000000000000000e+00 0.000000000000000000e+00 0.000000000000000000e+00
9.300000000000000488e-01 0.000000000000000000e+00 0.000000000000000000e+00 0.000000000000000000e+00 0.000000000000000000e+00
9.499999999999999556e-01 0.000000000000000000e+00 0.000000000000000000e+00 0.000000000000000000e+00 0.000000000000000000e+00
9.699999999999999734e-01 0.000000000000000000e+00 0.000000000000000000e+00 0.000000000000000000e+00 0.000000000000000000e+00
9.899999999999999911e-01 0.000000000000000000e+00 0.000000000000000000e+00 0.000000000000000000e+00 0.000000000000000000e+00
1.010000000000000009e+00 0.000000000000000000e+00 0.000000000000000000e+00 0.000000000000000000e+00 0.000000000000000000e+00
1.030000000000000027e+00 0.000000000000000000e+00 0.000000000000000000e+00 0.000000000000000000e+00 0.000000000000000000e+00
1.050000000000000044e+00 0.000000000000000000e+00 0.000000000000000000e+00 0.000000000000000000e+00 0.000000000000000000e+00
1.070000000000000062e+00 0.000000000000000000e+00 0.000000000000000000e+00 0.000000000000000000e+00 0.000000000000000000e+00
1.090000000000000080e+00 0.000000000000000000e+00 0.000000000000000000e+00 0.000000000000000000e+00 0.000000000000000000e+00
1.110000000000000098e+00 0.000000000000000000e+00 0.000000000000000000e+00 0.000000000000000000e+00 0.000000000000000000e+00
1.130000000000000115e+00 0.000000000000000000e+00 0.000000000000000000e+00 0.000000000000000000e+00 0.000000000000000000e+00
1.149999999999999911e+00 0.000000000000000000e+00 0.000000000000000000e+00 0.000000000000000000e+00 0.000000000000000000e+00
1.169999999999999929e+00 0.000000000000000000e+00 0.000000000000000000e+00 0.000000000000000000e+00 0.000000000000000000e+00
1.189999999999999947e+00 0.000000000000000000e+00 0.000000000000000000e+00 0.000000000000000000e+00 0.000000000000000000e+00
1.209999999999999964e+00 0.000000000000000000e+00 0.000000000000000000e+00 0.000000000000000000e+00 0.000000000000000000e+00
1.229999999999999982e+00 0.000000000000000000e+00 0.000000000000000000e+00 0.000000000000000000e+00 0.000000000000000000e+00
1.250000000000000000e+00 0.000000000000000000e+00 0.000000000000000000e+00 0.000000000000000000e+00 0.000000000000000000e+00
1.270000000000000018e+00 0.000000000000000000e+00 0.000000000000000000e+00 0.000000000000000000e+00 0.000000000000000000e+00
1.290000000000000036e+00 0.000000000000000000e+00 0.000000000000000000e+00 0.000000000000000000e+00 0.000000000000000000e+00
1.310000000000000053e+00 0.000000000000000000e+00 0.000000000000000000e+00 0.000000000000000000e+00 0.000000000000000000e+00
1.330000000000000071e+00 0.000000000000000000e+00 0.000000000000000000e+00 0.000000000000000000e+00 0.000000000000000000e+00
1.350000000000000089e+00 0.000000000000000000e+00 0.000000000000000000e+00 0.000000000000000000e+00 0.000000000000000000e+00
1.370000000000000107e+00 0.000000000000000000e+00 0.000000000000000000e+00 0.000000000000000000e+00 0.000000000000000000e+00
1.390000000000000124e+00 0.000000000000000000e+00 0.000000000000000000e+00 0.000000000000000000e+00 0.000000000000000000e+00
1.410000000000000142e+00 0.000000000000000000e+00 0.000000000000000000e+00 0.000000000000000000e+00 0.000000000000000000e+00
1.429999999999999938e+00 0.000000000000000000e+00 0.000000000000000000e+00 0.000000000000000000e+00 0.000000000000000000e+00
1.449999999999999956e+00 0.000000000000000000e+00 0.000000000000000000e+00 0.000000000000000000e+00 0.000000000000000000e+00
1.469999999999999973e+00 0.000000000000000000e+00 0.000000000000000000e+00 0.000000000000000000e+00 0.000000000000000000e+00
1.489999999999999991e+00 0.000000000000000000e+00 0.000000000000000000e+00 0.000000000000000000e+00 0.000000000000000000e+00
1.510000000000000009e+00 5.823318913944963184e-03 0.000000000000000000e+00 0.000000000000000000e+00 2.259408253253410940e-03
1.530000000000000027e+00 1.343571661461659961e-01 0.000000000000000000e+00 0.000000000000000000e+00 5.212966944802575192e-02
1.550000000000000044e+00 1.079076204463131461e+00 0.000000000000000000e+00 0.000000000000000000e+00 4.186742505918690793e-01
1.570000000000000062e+00 5.081032566869136957e+00 0.000000000000000000e+00 0.000000000000000000e+00 1.971406183704331294e+00
1.590000000000000080e+00 1.430039246462157010e+01 0.000000000000000000e+00 0.000000000000000000e+00 5.548455311618921471e+00
1.610000000000000098e+00 2.577683146446295837e+01 0.000000000000000000e+00 0.000000000000000000e+00 1.000123582688609858e+01
1.630000000000000115e+00 3.113916852662083201e+01 0.000000000000000000e+00 0.000000000000000000e+00 1.208178624736074447e+01
1.650000000000000133e+00 2.659939229800218286e+01 0.000000000000000000e+00 0.000000000000000000e+00 1.032038385287708948e+01
1.669999999999999929e+00 1.703251408693654412e+01 0.000000000000000000e+00 0.000000000000000000e+00 6.608499975765387724e+00
1.689999999999999947e+00 8.483387548966719649e+00 0.000000000000000000e+00 0.000000000000000000e+00 3.291496846889637062e+00
1.709999999999999964e+00 3.402193420085725339e+00 0.000000000000000000e+00 0.000000000000000000e+00 1.320027978220185583e+00
1.729999999999999982e+00 1.169550168817935054e+00 0.000000000000000000e+00 0.000000000000000000e+00 4.537775352974832699e-01
1.750000000000000000e+00 3.864096066083287928e-01 0.000000000000000000e+00 0.000000000000000000e+00 1.499243072909115237e-01
1.770000000000000018e+00 1.438327498970093377e-01 0.000000000000000000e+00 0.000000000000000000e+00 5.580613169359866649e-02
1.790000000000000036e+00 7.588676598959090414e-02 0.000000000000000000e+00 0.000000000000000000e+00 2.944355064927024757e-02
1.810000000000000053e+00 4.306220444023772104e-02 0.000000000000000000e+00 0.000000000000000000e+00 1.670784333699611157e-02
1.830000000000000071e+00 2.998386940745459764e-02 0.000000000000000000e+00 0.000000000000000000e+00 1.163353802269803845e-02
1.850000000000000089e+00 2.061009320184993207e-02 0.000000000000000000e+00 0.000000000000000000e+00 7.996576414365661606e-03
1.870000000000000107e+00 1.257758159282781028e-02 0.000000000000000000e+00 0.000000000000000000e+00 4.880016374983634463e-03
1.890000000000000124e+00 4.646338797796082526e-03 0.000000000000000000e+00 0.000000000000000000e+00 1.802747948770716665e-03
1.910000000000000142e+00 3.867111317306619247e-03 0.000000000000000000e+00 0.000000000000000000e+00 1.500412969938679083e-03
1.929999999999999938e+00 1.559509083965364548e-03 0.000000000000000000e+00 0.000000000000000000e+00 6.050789502352700230e-04
1.949999999999999956e+00 2.182404578515107169e-04 0.000000000000000000e+00 0.000000000000000000e+00 8.467581785409439646e-05
1.969999999999999973e+00 0.000000000000000000e+00 0.000000000000000000e+00 0.000000000000000000e+00 0.000000000000000000e+00
1.989999999999999991e+00 0.000000000000000000e+00 0.000000000000000000e+00 0.000000000000000000e+00 0.000000000000000000e+00
2.009999999999999787e+00 0.000000000000000000e+00 0.000000000000000000e+00 0.000000000000000000e+00 0.000000000000000000e+00
2.030000000000000249e+00 0.000000000000000000e+00 0.000000000000000000e+00 0.000000000000000000e+00 0.000000000000000000e+00
2.049999999999999822e+00 0.000000000000000000e+00 0.000000000000000000e+00 0.000000000000000000e+00 0.000000000000000000e+00
2.070000000000000284e+00 0.000000000000000000e+00 0.000000000000000000e+00 0.000000000000000000e+00 0.000000000000000000e+00
2.089999999999999858e+00 0.000000000000000000e+00 0.000000000000000000e+00 0.000000000000000000e+00 0.000000000000000000e+00
2.110000000000000320e+00 0.000000000000000000e+00 0.000000000000000000e+00 0.000000000000000000e+00 0.000000000000000000e+00
2.129999999999999893e+00 0.000000000000000000e+00 0.000000000000000000e+00 0.000000000000000000e+00 0.000000000000000000e+00
2.150000000000000355e+00 0.000000000000000000e+00 1.795260878270133235e-04 0.000000000000000000e+00 9.742050384285388487e-05
2.169999999999999929e+00 0.000000000000000000e+00 0.000000000000000000e+00 0.000000000000000000e+00 0.000000000000000000e+00
2.190000000000000391e+00 0.000000000000000000e+00 0.000000000000000000e+00 0.000000000000000000e+00 0.000000000000000000e+00
2.209999999999999964e+00 0.000000000000000000e+00 1.699103910608647391e-04 0.000000000000000000e+00 9.220250998415106922e-05
2.230000000000000426e+00 0.000000000000000000e+00 3.337526758955012825e-04 1.335010703582005130e-03 2.736991845080036256e-04
2.250000000000000000e+00 0.000000000000000000e+00 2.130996826221195645e-03 1.311382662289966618e-03 1.247341776550985959e-03
2.270000000000000462e+00 0.000000000000000000e+00 3.059893939068681484e-03 1.932564593096009484e-03 1.794492126021705620e-03
2.290000000000000036e+00 0.000000000000000000e+00 5.380373675813306285e-03 2.531940553323908712e-03 3.095277687246137614e-03
2.310000000000000053e+00 0.000000000000000000e+00 9.175559138292346123e-03 9.953148895774749719e-03 5.669432618336102229e-03
2.330000000000000071e+00 0.000000000000000000e+00 1.192304676757147998e-02 1.161732761968503266e-02 7.275782915669938046e-03
2.349999999999999645e+00 0.000000000000000000e+00 2.208951075131088126e-02 2.103762928696274390e-02 1.344597918618737134e-02
2.370000000000000107e+00 0.000000000000000000e+00 3.516290536654167326e-02 2.068406198031863194e-02 2.051578476489818864e-02
2.389999999999999680e+00 0.000000000000000000e+00 6.726508199679821776e-02 8.135733459655940941e-03 3.706588645149453548e-02
2.410000000000000142e+00 0.000000000000000000e+00 1.274486548362613325e-01 7.429742210185637588e-03 6.967576498994620948e-02
2.429999999999999716e+00 0.000000000000000000e+00 2.289354377647414840e-01 2.248598529303783618e-03 1.243886197473906829e-01
2.450000000000000178e+00 1.382522850446262798e-04 4.236050013767349576e-01 1.659027420535515466e-03 2.300395398367273136e-01
2.469999999999999751e+00 2.720448920586699196e-04 7.312566698537047438e-01 0.000000000000000000e+00 3.969247218560955082e-01
2.490000000000000213e+00 4.015383659845983165e-04 1.156430494035643131e+00 5.353844879794644220e-04 6.277342628551012549e-01
2.509999999999999787e+00 6.586080704912378268e-04 1.745311386801780440e+00 0.000000000000000000e+00 9.473552952996062704e-01
2.530000000000000249e+00 7.778837422678397959e-04 2.448389078788025586e+00 0.000000000000000000e+00 1.328929315870585048e+00
2.549999999999999822e+00 2.297188487142891051e-03 3.306037097746477471e+00 0.000000000000000000e+00 1.794924704990408459e+00
2.570000000000000284e+00 1.382072817269612043e-03 4.196350002180706973e+00 0.000000000000000000e+00 2.277701277921884593e+00
2.589999999999999858e+00 1.731940605197473905e-03 5.088565208113406513e+00 2.969041037481383837e-03 2.762206858898852868e+00
2.610000000000000320e+00 2.314605992076894554e-03 5.811975646105082660e+00 3.898283776129506800e-03 3.155058758103423511e+00
2.629999999999999893e+00 3.239341642422179871e-03 6.402378792822859488e+00 7.678439448704426490e-03 3.476064193026322968e+00
2.650000000000000355e+00 3.781487919027669981e-03 6.545873759334366326e+00 1.701669563562451318e-02 3.554790259453957990e+00
2.669999999999999929e+00 5.238349583262020930e-03 6.505564551337362111e+00 3.119728196253825775e-02 3.534465035944212463e+00
2.690000000000000391e+00 8.142509529941020785e-03 6.163765030932536249e+00 4.082723088252117327e-02 3.350780906796270386e+00
2.709999999999999964e+00 8.813745536753151907e-03 5.561812423904190616e+00 6.599009478799795769e-02 3.026134626439888287e+00
2.730000000000000426e+00 9.353162479350455097e-03 4.848612620991851863e+00 9.085929265654728304e-02 2.641048127107855414e+00
2.750000000000000000e+00 1.316801598910999523e-02 4.058382527843700238e+00 1.404588372171732824e-01 2.217146824116832171e+00
2.770000000000000462e+00 1.654765201814130740e-02 3.223980124240354517e+00 2.150113216474831557e-01 1.770836952142620158e+00
2.790000000000000036e+00 2.036242264709478902e-02 2.518863664308421679e+00 2.899779560214545415e-01 1.394882133477727049e+00
2.810000000000000053e+00 2.396220029426225986e-02 1.915084270886170614e+00 4.094593523966919002e-01 1.076922071501248857e+00
2.830000000000000071e+00 2.797662875859353165e-02 1.399349523647428262e+00 5.736245066947177618e-01 8.099996024510083270e-01
2.849999999999999645e+00 3.156990290710178643e-02 1.020147186172852161e+00 8.059009518809672201e-01 6.217272766173443932e-01
2.870000000000000107e+00 4.160933213040009238e-02 7.586398812152850279e-01 1.028848667592362487e+00 4.991766896709404211e-01
2.889999999999999680e+00 5.107071290620442128e-02 5.572073112412342377e-01 1.287697352654492811e+00 4.114914449634590188e-01
2.910000000000000142e+00 5.301707625918208183e-02 4.176687227664215296e-01 1.682434686169386406e+00 3.639017155908418899e-01
2.929999999999999716e+00 5.645235880820229785e-02 3.442240577328910534e-01 1.935233259144195195e+00 3.429119078925176867e-01
2.950000000000000178e+00 7.275871038989047135e-02 2.979006700629329152e-01 2.270682060031548932e+00 3.473654946446174119e-01
2.969999999999999751e+00 8.344786081347568829e-02 2.743336664397915681e-01 2.662428930125549265e+00 3.658929244641756506e-01
2.990000000000000213e+00 9.607324503245849578e-02 2.568450908259059529e-01 3.051694689552758799e+00 3.882980090322496469e-01
3.009999999999999787e+00 1.054257791269859329e-01 2.601296374636316577e-01 3.361168019846981991e+00 4.151720153306275862e-01
3.030000000000000249e+00 1.241051394924296281e-01 2.674632977116527810e-01 3.720080932957344100e+00 4.512908188011873767e-01
3.049999999999999822e+00 1.397892595878784394e-01 2.777051468392249811e-01 4.110714155589941576e+00 4.900255287039730900e-01
3.070000000000000284e+00 1.532064269441418825e-01 2.922368569124177418e-01 4.372194446171441484e+00 5.212514375027718083e-01
3.089999999999999858e+00 1.774774849741743710e-01 3.034152301884636138e-01 4.646398798589305379e+00 5.557513338330530850e-01
3.110000000000000320e+00 2.088354789493717945e-01 3.081052608492991229e-01 4.826381824921964991e+00 5.829454548389190194e-01
3.129999999999999893e+00 2.321800216014446305e-01 3.287452257698674218e-01 4.998689323146461305e+00 6.151533814463363559e-01
3.150000000000000355e+00 2.524913429498347184e-01 3.480014832773309363e-01 4.996301036046083333e+00 6.333178816932871769e-01
3.169999999999999929e+00 2.826785542871164680e-01 3.560114658287347189e-01 4.961533024122102731e+00 6.469656948576818500e-01
3.190000000000000391e+00 3.262809154059470029e-01 3.734982735714164614e-01 4.628442797995482749e+00 6.502715786547874632e-01
3.209999999999999964e+00 3.481606283962826454e-01 3.915699688324603689e-01 4.144746375152970508e+00 6.350216167206431672e-01
3.230000000000000426e+00 3.922242531198611992e-01 3.864971904095326760e-01 3.385648572255886002e+00 5.967195050365462494e-01
3.250000000000000000e+00 4.267735801377862126e-01 4.054034745049662769e-01 2.569440936087290073e+00 5.637774981156215004e-01
3.270000000000000462e+00 4.486544202421713923e-01 4.259151458725197181e-01 1.756123892274667586e+00 5.269918449418055095e-01
3.290000000000000036e+00 5.029404086096048720e-01 4.433695705776439788e-01 1.122109118964965901e+00 5.135553000026006343e-01
3.310000000000000497e+00 5.303598091971180040e-01 4.421179957560094076e-01 6.259487950878296347e-01 4.891044450479056227e-01
3.330000000000000071e+00 5.794624243352360926e-01 4.603220162838741469e-01 3.250916661903998084e-01 4.971690514591668442e-01
3.349999999999999645e+00 6.258052664483731986e-01 4.630500506321296172e-01 1.632728380382852396e-01 5.054075110431207607e-01
3.370000000000000107e+00 6.661877459269719415e-01 4.778108665807249689e-01 7.394778972009384554e-02 5.228906880423160874e-01
3.389999999999999680e+00 7.135197351421439516e-01 4.771721900434456876e-01 3.321719240617206775e-02 5.380838081325043376e-01
3.410000000000000142e+00 7.636238894135715105e-01 5.001379642065709730e-01 1.541521122554499398e-02 5.687517221687867774e-01
3.429999999999999716e+00 8.173813668862908166e-01 5.063842624160063144e-01 4.796507848487036041e-03 5.922623967213792584e-01
3.450000000000000178e+00 8.600138601968372321e-01 5.147533303472435762e-01 4.741057356577618905e-03 6.133411754468892640e-01
3.469999999999999751e+00 8.965808342244869777e-01 5.259288451047013924e-01 4.962243067427401198e-03 6.336086882584581748e-01
3.490000000000000213e+00 9.588952771289003252e-01 5.412437176006809070e-01 7.630827841298623397e-03 6.662820169445358154e-01
3.509999999999999787e+00 1.036642174794675908e+00 5.272123653098069740e-01 1.077730656056843060e-02 6.890513380578667801e-01
3.530000000000000249e+00 1.083401019113278130e+00 5.364393415882380278e-01 1.012275355945526679e-02 7.121551105950453264e-01
3.549999999999999822e+00 1.117980709475478118e+00 5.582660180782837989e-01 1.448673318910385054e-02 7.377187789545562868e-01
3.570000000000000284e+00 1.180760091435634207e+00 5.566514845970683689e-01 1.927346349757073571e-02 7.615325951145667238e-01
3.589999999999999858e+00 1.228553178971721893e+00 5.574849802692436462e-01 2.086222379385942877e-02 7.806384739121665639e-01
3.610000000000000320e+00 1.249109570420033899e+00 5.567376108371919763e-01 2.165055332090189480e-02 7.882633246351636869e-01
3.629999999999999893e+00 1.293575185645849057e+00 5.720322985015212636e-01 2.619899110168807943e-02 8.141308493453619510e-01
3.650000000000000355e+00 1.322729450607479151e+00 5.935619936349737502e-01 3.488243429904348131e-02 8.377278993029965148e-01
3.669999999999999929e+00 1.381917985793101433e+00 5.952431967875140284e-01 3.524263622424780168e-02 8.616299419071176136e-01
3.690000000000000391e+00 1.407630036448219935e+00 6.044105936723673800e-01 4.315041850560009246e-02 8.771291941761540922e-01
3.709999999999999964e+00 1.436205735318210719e+00 5.992983085959033840e-01 5.040376116561118974e-02 8.859452122705402388e-01
3.730000000000000426e+00 1.457647404558234383e+00 6.216384831126081645e-01 5.964675524012744146e-02 9.070284436082911572e-01
3.750000000000000000e+00 1.482859059211002473e+00 6.183300390963420989e-01 7.529959246868987710e-02 9.161006269102173194e-01
3.770000000000000462e+00 1.520767499607729389e+00 6.199611959930457772e-01 8.267706286740938992e-02 9.322056481106425485e-01
3.790000000000000036e+00 1.554964401701926624e+00 6.319227429246023764e-01 1.046849524757157979e-01 9.534911064403972514e-01
3.810000000000000497e+00 1.566694583226005522e+00 6.436567893647727745e-01 1.152510957775452344e-01 9.651426556911766319e-01
3.830000000000000071e+00 1.599536639208049893e+00 6.515478345391211290e-01 1.391688523891844997e-01 9.838260249690350401e-01
3.849999999999999645e+00 1.641859000410883285e+00 6.544257606152498186e-01 1.565381492582974265e-01 1.003013144976274917e+00
3.870000000000000107e+00 1.663109730286360222e+00 6.710618671830120840e-01 1.830722821544605583e-01 1.022126152271919830e+00
3.889999999999999680e+00 1.691570328806940138e+00 6.759700396457883897e-01 2.176090473239078726e-01 1.038227339196935883e+00
3.910000000000000142e+00 1.726256811628502419e+00 6.893193903172867287e-01 2.403580014430227174e-01 1.060507243499301033e+00
3.929999999999999716e+00 1.727214703569136756e+00 7.030074404746651240e-01 2.542518502236407185e-01 1.069270351345454451e+00
3.950000000000000178e+00 1.787315705451326897e+00 7.078204204304922031e-01 2.918934826662564763e-01 1.097811475635907419e+00
3.969999999999999751e+00 1.816793238998258397e+00 7.097103628012614296e-01 3.237109066326994133e-01 1.112480778025981332e+00
3.990000000000000213e+00 1.836782030145870603e+00 7.109014197329336371e-01 3.563368606316420495e-01 1.123145333915688715e+00
4.009999999999999787e+00 1.880228690738104946e+00 7.097627201636197425e-01 3.953161082275377658e-01 1.142087753201006084e+00
4.030000000000000249e+00 1.910921170254348267e+00 7.268020409031993312e-01 4.173593272003186527e-01 1.164771442503145460e+00
4.050000000000000711e+00 1.937426221826078265e+00 7.375515606042870598e-01 4.660670171687949503e-01 1.184266516079848008e+00
4.070000000000000284e+00 1.994630191618024018e+00 7.450994559822898822e-01 4.855445389215594099e-01 1.211907987439463597e+00
4.089999999999999858e+00 2.031972465884107404e+00 7.558878042645543749e-01 5.238679013607464574e-01 1.234908715775322463e+00
4.109999999999999432e+00 2.095416820338247277e+00 7.575393845594864395e-01 5.677123948099497275e-01 1.263461680070597115e+00
4.129999999999999893e+00 2.126548313873620977e+00 7.627725288821669558e-01 6.276161259459084318e-01 1.282534779446500295e+00
4.150000000000000355e+00 2.159152101572381799e+00 7.618949571538160548e-01 6.414334473584366592e-01 1.295666883603482589e+00
4.169999999999999929e+00 2.209884848577942318e+00 7.717846018054352886e-01 7.009629131411224678e-01 1.324846047320933806e+00
4.189999999999999503e+00 2.134668168823000922e+00 7.630635130493734763e-01 7.131947150398901814e-01 1.291778266710093215e+00
4.209999999999999964e+00 2.111999771663582770e+00 7.902909494083003583e-01 7.317179310002320802e-01 1.299042793876706625e+00
4.230000000000000426e+00 2.040826281997841551e+00 8.016653929125898692e-01 7.940128161216973846e-01 1.281920686242126184e+00
4.250000000000000000e+00 1.949256318880228989e+00 8.073239219214977114e-01 7.970325174990975370e-01 1.249672208862293132e+00
4.269999999999999574e+00 1.823488563916739968e+00 8.282708887319496505e-01 8.276336872569388659e-01 1.214364406714821820e+00
4.290000000000000036e+00 1.706919944621681395e+00 8.311173799832738407e-01 8.246242754521544427e-01 1.170472520121107918e+00
4.310000000000000497e+00 1.565984751305486977e+00 8.325799569258961474e-01 8.614837092535805319e-01 1.119140607220406869e+00
4.330000000000000071e+00 1.434656476870467712e+00 8.618650207516042050e-01 8.914318774618585906e-01 1.086154773151140063e+00
4.349999999999999645e+00 1.281858035540505814e+00 8.582120461696315372e-01 8.716757437614388593e-01 1.023517565789887174e+00
4.370000000000000107e+00 1.149563489691766360e+00 8.853559589846543565e-01 9.294195175598207737e-01 9.909226309792208420e-01
4.390000000000000568e+00 1.022979766796074719e+00 8.852303761330850840e-01 9.235539015129102802e-01 9.413340585197680355e-01
4.410000000000000142e+00 9.329895717594920423e-01 8.958236025391619339e-01 9.464307661388307036e-01 9.137535070190179187e-01
4.429999999999999716e+00 8.591677965257986660e-01 9.003966872440117841e-01 9.691960771912248029e-01 8.891716037536839812e-01
4.450000000000000178e+00 7.959357890791645129e-01 9.296184704440112467e-01 9.817924322933009318e-01 8.813689191612504858e-01
4.470000000000000639e+00 7.504946369540546058e-01 9.469855128494411023e-01 1.014559103016803965e+00 8.754348189374099309e-01
4.490000000000000213e+00 7.135684682067401363e-01 9.666825444111385446e-01 1.022994148939942782e+00 8.723813798230892758e-01
4.509999999999999787e+00 6.909748624069467215e-01 9.853817239520888949e-01 1.043642948770057588e+00 8.751944507256899097e-01
4.530000000000000249e+00 6.643031930512076633e-01 1.005614384951870610e+00 1.092519331799563176e+00 8.792150786642245475e-01
4.550000000000000711e+00 6.559105613554778724e-01 1.033110242486996899e+00 1.120134738527010621e+00 8.927947368212098000e-01
4.570000000000000284e+00 6.514933638520719050e-01 1.057504536811358919e+00 1.147861691568593079e+00 9.062414976737116490e-01
4.589999999999999858e+00 6.588267255821672608e-01 1.070485108283305120e+00 1.180263302962098582e+00 9.183778981338386327e-01
4.610000000000000320e+00 6.484368234819153365e-01 1.102842418740198394e+00 1.199096590116985217e+00 9.332116478964509465e-01
4.629999999999999893e+00 6.572863497290042378e-01 1.125311084296626740e+00 1.207650919732965233e+00 9.494311783077454825e-01
4.650000000000000355e+00 6.594354582830249667e-01 1.137719981686764692e+00 1.243033152303027133e+00 9.594526177335471750e-01
4.669999999999999929e+00 6.575283215632510281e-01 1.173809818494396362e+00 1.255696447429819784e+00 9.791751846696117312e-01
4.689999999999999503e+00 6.678156670815972307e-01 1.200340278168922525e+00 1.291339170265459968e+00 1.000035389302084132e+00
4.709999999999999964e+00 6.709096731660479929e-01 1.248786039548490656e+00 1.307478945999426267e+00 1.028644458958651420e+00
4.730000000000000426e+00 6.683637554865606845e-01 1.265473458345912183e+00 1.324932201896883655e+00 1.037922586743613262e+00
4.750000000000000000e+00 6.651380087441108868e-01 1.315931634419752028e+00 1.317329292257192641e+00 1.063525052216176325e+00
4.769999999999999574e+00 6.817838895677494904e-01 1.325089097089065859e+00 1.341757113861786088e+00 1.076647016103488674e+00
4.790000000000000036e+00 6.868806684314571198e-01 1.369204074779697855e+00 1.338822327558254921e+00 1.102360153248221897e+00
4.810000000000000497e+00 6.787055056829173205e-01 1.400740271003556137e+00 1.366162947915175785e+00 1.118197635532736767e+00
4.830000000000000071e+00 6.702150484339655101e-01 1.447466723413114442e+00 1.391582861564499174e+00 1.142022628251081695e+00
4.849999999999999645e+00 6.860076473743557113e-01 1.448395163947244768e+00 1.378577260416576244e+00 1.147751893368048393e+00
4.870000000000000107e+00 6.790200393417794578e-01 1.509827615046778426e+00 1.396809232738525974e+00 1.179641741099714425e+00
4.890000000000000568e+00 6.859012807380371335e-01 1.526897320817214077e+00 1.435520166790536845e+00 1.194259276656027824e+00
4.910000000000000142e+00 6.903762197229267317e-01 1.553793985943018985e+00 1.460887852265706499e+00 1.212350424690559203e+00
4.929999999999999716e+00 6.966681612910754495e-01 1.589184615719065663e+00 1.443595856664706467e+00 1.232797260743969447e+00
4.950000000000000178e+00 7.017184240698814968e-01 1.615012454837217115e+00 1.505245119907419049e+00 1.253047865635434688e+00
4.970000000000000639e+00 7.039772895280193010e-01 1.623038219771815172e+00 1.543549326623810281e+00 1.260936014532559435e+00
4.990000000000000213e+00 7.047777110819583024e-01 1.629517255669422182e+00 1.510537900273262402e+00 1.262473003127299487e+00
5.009999999999999787e+00 7.097087507015753527e-01 1.668209001870371244e+00 1.506965659972878235e+00 1.285134688322651986e+00
5.030000000000000249e+00 7.206071610629942725e-01 1.672582684171430412e+00 1.554569731713321579e+00 1.295038079615879800e+00
5.050000000000000711e+00 7.290657204064374675e-01 1.672539565417115792e+00 1.538636176018655988e+00 1.297191504275505558e+00
5.070000000000000284e+00 7.330748633778479961e-01 1.700209389392301373e+00 1.528070614057352561e+00 1.313029404364529640e+00
5.089999999999999858e+00 7.376712542709774612e-01 1.697060286312849664e+00 1.524670069617825696e+00 1.312868062206015818e+00
5.110000000000000320e+00 7.408703611327458471e-01 1.689522569429436905e+00 1.546191867271377252e+00 1.311511525685820967e+00
5.129999999999999893e+00 7.560745155655232974e-01 1.677446716854634756e+00 1.515239296907641586e+00 1.308710973171829606e+00
5.150000000000000355e+00 7.587553593655934625e-01 1.652021617284287425e+00 1.500239256530370158e+00 1.294913798558539497e+00
5.169999999999999929e+00 7.560941352204892940e-01 1.626162793924508909e+00 1.460836087972506858e+00 1.277116144944075993e+00
5.189999999999999503e+00 7.659287378689924042e-01 1.589469266889387278e+00 1.492361049932584782e+00 1.263206376048372492e+00
5.209999999999999964e+00 7.759266313519982416e-01 1.532195231815133951e+00 1.471264507769249885e+00 1.234542412073740714e+00
5.230000000000000426e+00 7.810469410628718689e-01 1.487277934461781470e+00 1.441830128459909988e+00 1.210113154347620013e+00
5.250000000000000000e+00 7.840797082198922574e-01 1.420658975207573116e+00 1.419785835220691128e+00 1.173609981070844244e+00
5.269999999999999574e+00 7.940359892993651414e-01 1.359936779595921186e+00 1.410942252378867501e+00 1.143908494463988568e+00
5.290000000000000036e+00 8.107291112832757385e-01 1.315095793484744480e+00 1.375027888071360671e+00 1.123561413379501106e+00
5.310000000000000497e+00 8.125799860664069119e-01 1.246874247879435238e+00 1.351739418307723373e+00 1.085643736971780182e+00
5.330000000000000071e+00 8.122770925534298359e-01 1.187992127056332503e+00 1.335304436106102388e+00 1.052433797069146859e+00
5.349999999999999645e+00 8.294679320851565674e-01 1.123981380794339735e+00 1.343895193401068777e+00 1.024963850177650126e+00
5.370000000000000107e+00 8.349558697087564596e-01 1.069091147710770739e+00 1.307312857555986474e+00 9.947696461831565529e-01
5.390000000000000568e+00 8.440816163365096880e-01 1.016554198381851348e+00 1.281861475963357311e+00 9.680358711265175664e-01
5.410000000000000142e+00 8.463016598133142887e-01 9.679674472114291328e-01 1.289867163904693692e+00 9.430866692359758385e-01
5.429999999999999716e+00 8.562623828008839588e-01 9.198143158898099969e-01 1.248635057376932478e+00 9.179613134221458193e-01
5.450000000000000178e+00 8.705246139640214764e-01 8.851926100591209767e-01 1.265079739402108272e+00 9.058478527093341004e-01
5.470000000000000639e+00 8.854155323355015206e-01 8.513845569509738143e-01 1.269158462588414471e+00 8.935622332813931701e-01
5.490000000000000213e+00 8.906778617646911034e-01 8.291957861110216266e-01 1.252218898669453573e+00 8.823883516475304889e-01
5.509999999999999787e+00 9.116122437355708152e-01 8.020307173904566156e-01 1.245222253474188578e+00 8.752842850526847407e-01
5.530000000000000249e+00 9.222347839081860288e-01 7.825630924921074261e-01 1.243069912645760944e+00 8.686923076895655127e-01
5.550000000000000711e+00 9.310104454592521561e-01 7.667762910037264623e-01 1.244256920829068136e+00 8.636127605429331222e-01
5.570000000000000284e+00 9.366139676120990298e-01 7.554753513032934631e-01 1.215971869078307677e+00 8.576927376889661447e-01
5.589999999999999858e+00 9.614737401907090808e-01 7.485122463615935251e-01 1.227682246755499307e+00 8.643717561566615082e-01
5.610000000000000320e+00 9.842946399972104521e-01 7.406007006242237845e-01 1.213987120615916959e+00 8.679830820485194831e-01
5.629999999999999893e+00 9.894618739899202486e-01 7.315781532267970899e-01 1.177206458923154342e+00 8.625409641215986412e-01
5.650000000000000355e+00 1.004565886553509646e+00 7.319971594745161569e-01 1.186148390954727683e+00 8.692487440242567809e-01
5.669999999999999929e+00 1.025524411653558898e+00 7.306625889467552870e-01 1.153221289612987865e+00 8.743727055201638843e-01
5.689999999999999503e+00 1.037218444843932108e+00 7.303026721319950676e-01 1.137746560809876462e+00 8.776413814780730238e-01
5.709999999999999964e+00 1.054857840811138203e+00 7.326278373204276884e-01 1.130910230260604443e+00 8.852729868278281788e-01
5.730000000000000426e+00 1.067802953086619322e+00 7.303532589862227198e-01 1.090272639106786512e+00 8.862429538510390170e-01
5.750000000000000000e+00 1.083303717405300404e+00 7.401906076525095468e-01 1.101475911367335581e+00 8.983724003372519640e-01
5.769999999999999574e+00 1.090637807598499265e+00 7.400035477541822004e-01 1.057660689110262009e+00 8.980777501712693400e-01
5.790000000000000036e+00 1.102350135351517713e+00 7.493812460140235610e-01 1.053931091411259846e+00 9.074522380786123055e-01
5.810000000000000497e+00 1.109278417344308876e+00 7.515814851968043442e-01 1.019153540832092197e+00 9.089224038360682600e-01
5.830000000000000071e+00 1.124265071070939870e+00 7.513412172794325938e-01 9.916639547987337044e-01 9.127002553349488068e-01
5.849999999999999645e+00 1.122095438513422971e+00 7.579248611785354139e-01 9.507524301602258143e-01 9.125937531974974704e-01
5.870000000000000107e+00 1.130935601686633873e+00 7.750466075615990436e-01 9.358071838480311877e-01 9.242783581567944884e-01
5.890000000000000568e+00 1.132214605840604849e+00 7.796713188280375295e-01 9.055420459457013127e-01 9.251852407912125598e-01
5.910000000000000142e+00 1.133569218409086199e+00 7.763040104441005784e-01 8.811765666692417120e-01 9.221937188220938886e-01
5.929999999999999716e+00 1.138608484131075738e+00 7.796900536230851886e-01 8.506052935255450365e-01 9.238661581636951059e-01
5.950000000000000178e+00 1.152977654256095441e+00 7.839507322857840466e-01 8.195805945353471511e-01 9.296017149132885793e-01
5.970000000000000639e+00 1.153391533738024721e+00 7.946564045329669312e-01 8.072064294983414268e-01 9.347135845704378498e-01
5.990000000000000213e+00 1.152802782948892046e+00 7.998822592039902535e-01 7.615811655988026230e-01 9.341567323029544845e-01
6.009999999999999787e+00 1.162167460891609050e+00 7.968419667504285098e-01 7.689273402878453734e-01 9.366498172779997855e-01
6.030000000000000249e+00 1.174988750325001829e+00 8.008081361110204188e-01 7.451203838278782632e-01 9.421255625951109325e-01
6.050000000000000711e+00 1.187456676015212986e+00 8.036842816493989794e-01 7.359397365814570602e-01 9.478870786132397308e-01
6.070000000000000284e+00 1.191243850423036488e+00 8.066628569276054206e-01 7.163229234043155813e-01 9.496123260867260774e-01
6.089999999999999858e+00 1.204398142448665388e+00 8.172150288266596396e-01 7.147582860345211841e-01 9.603337654441660431e-01
6.110000000000000320e+00 1.206284859347336980e+00 8.153192804176027098e-01 7.064411017959379979e-01 9.594602418583635384e-01
6.130000000000000782e+00 1.217021323279626310e+00 8.187752333706929120e-01 7.023689149594475323e-01 9.652188843571819499e-01
6.150000000000000355e+00 1.225859507962567818e+00 8.196239154382358727e-01 6.910502955520579915e-01 9.683235999715339437e-01
6.169999999999999929e+00 1.236323416849492540e+00 8.319978110005216143e-01 6.823921051054662179e-01 9.784977946408219829e-01
6.189999999999999503e+00 1.234584731063547824e+00 8.448879946457028556e-01 6.760836616472766236e-01 9.843805930659980108e-01
6.209999999999999964e+00 1.246485781498541279e+00 8.538077920158415601e-01 6.732852331726605355e-01 9.936444018743189055e-01
6.230000000000000426e+00 1.244952576263663735e+00 8.568870867281305204e-01 6.749559985486344171e-01 9.948363920969607310e-01
6.250000000000000000e+00 1.242308727872232010e+00 8.652206433307521039e-01 6.855992486942331654e-01 9.990709742537838833e-01
6.269999999999999574e+00 1.258439201175332034e+00 8.657680051832573609e-01 6.872273656982037515e-01 1.005739431337615120e+00
6.290000000000000036e+00 1.256783599092656578e+00 8.655777693473858392e-01 6.946100615433161707e-01 1.005505849135900576e+00
6.310000000000000497e+00 1.253268703677421492e+00 8.694367958940253382e-01 6.752907152574953997e-01 1.004896353440016599e+00
6.330000000000000071e+00 1.236787390353234484e+00 8.726292329678849713e-01 6.833738589027467114e-01 1.000794694106348137e+00
6.349999999999999645e+00 1.239566696193134199e+00 8.849843517018257666e-01 6.858263420876640204e-01 1.008747684529107236e+00
6.370000000000000107e+00 1.234556092709891528e+00 8.851418486289092113e-01 6.891344669916757981e-01 1.007118499154441960e+00
6.390000000000000568e+00 1.227795349916023682e+00 8.874140263314118648e-01 6.749907164373134538e-01 1.004747470492660666e+00
6.410000000000000142e+00 1.224366741454848917e+00 8.849145413322569986e-01 6.875083531964675254e-01 1.002928974873001478e+00
6.429999999999999716e+00 1.215537628335566778e+00 8.948934141238646944e-01 6.746474696766028289e-01 1.004026470222912026e+00
6.450000000000000178e+00 1.204360733859065169e+00 8.883549245973377806e-01 6.919334371714932486e-01 9.973406094472827554e-01
6.470000000000000639e+00 1.202615974841274804e+00 8.960543660626668627e-01 6.837767078370244889e-01 1.000276091581131732e+00
6.490000000000000213e+00 1.193008630441127149e+00 9.110108016740533499e-01 6.969068119296398800e-01 1.005575285469013869e+00
6.509999999999999787e+00 1.182909025429956795e+00 9.070862058271365047e-01 6.953727083441255674e-01 9.994206158317437971e-01
6.530000000000000249e+00 1.162070479499232922e+00 9.109576963105641134e-01 6.975030728886220110e-01 9.935840273647799092e-01
6.550000000000000711e+00 1.161890120482695021e+00 9.177051820633445045e-01 6.971185979589186177e-01 9.971489331972518411e-01
6.570000000000000284e+00 1.152731414316770620e+00 9.194128392213165579e-01 6.984946003928835800e-01 9.946175138036248420e-01
6.589999999999999858e+00 1.130095063463035343e+00 9.289366134617608184e-01 7.100069695304791484e-01 9.918012926642278959e-01
6.610000000000000320e+00 1.119088173160899924e+00 9.273503064253384442e-01 7.292686608398831760e-01 9.880057351729797377e-01
6.630000000000000782e+00 1.100113145322078712e+00 9.385661212878764204e-01 7.295574613506727868e-01 9.867498861607528760e-01
6.650000000000000355e+00 1.087163119686963109e+00 9.500432778746829010e-01 7.335076470177099850e-01 9.882274433918055712e-01
6.669999999999999929e+00 1.082667718671007862e+00 9.495026857019108757e-01 7.461270932573018655e-01 9.870651008187176778e-01
6.689999999999999503e+00 1.060666003995903495e+00 9.561457909946289302e-01 7.568027344083769758e-01 9.828738787955249023e-01
6.709999999999999964e+00 1.038851682447323954e+00 9.673192342174912195e-01 7.601129000253293855e-01 9.807029507893137987e-01
6.730000000000000426e+00 1.031568758367796157e+00 9.781416243512338626e-01 8.011138572497161769e-01 9.865935770160193519e-01
6.750000000000000000e+00 1.020601770575253697e+00 9.837009195502610659e-01 7.913465820996452571e-01 9.846778422897780603e-01
6.769999999999999574e+00 9.989548896222788521e-01 9.809030150309387963e-01 8.172411349596022667e-01 9.765565717443540628e-01
6.790000000000000036e+00 9.743050242370291381e-01 9.999905767058765438e-01 8.342494644892355371e-01 9.785301072227508001e-01
6.810000000000000497e+00 9.665149200638406546e-01 1.000871623941103072e+00 8.486105857683813314e-01 9.769816905644002070e-01
6.830000000000000071e+00 9.536402721593576493e-01 1.014053322026971626e+00 8.743170126305913614e-01 9.809223310457018119e-01
6.849999999999999645e+00 9.254065750289910408e-01 1.027877778004967713e+00 8.879658541625530255e-01 9.784163294004788458e-01
6.870000000000000107e+00 9.103908752045279940e-01 1.031150373261671138e+00 9.167734753493652633e-01 9.763641217378100645e-01
6.890000000000000568e+00 8.863386739943602821e-01 1.040958037177606155e+00 9.223669959299928278e-01 9.727421239400666497e-01
6.910000000000000142e+00 8.808329810029319473e-01 1.052442555684231618e+00 9.390036561556877048e-01 9.779918722576215195e-01
6.929999999999999716e+00 8.549685782380956889e-01 1.059682041724629542e+00 9.555714130839300102e-01 9.730342178092119543e-01
6.950000000000000178e+00 8.460691083467578588e-01 1.073555626310032318e+00 9.732388995984879720e-01 9.783351302879583766e-01
6.970000000000000639e+00 8.260688433205166659e-01 1.081188638498082666e+00 9.796190166617380068e-01 9.751597262054964022e-01
6.990000000000000213e+00 8.187498468341178892e-01 1.087748728179982693e+00 1.003845806482257519e+00 9.775600638490826721e-01
7.009999999999999787e+00 8.028036848017159333e-01 1.106324881043485586e+00 1.011500894124354843e+00 9.819843835863891757e-01
7.030000000000000249e+00 7.929361423967391520e-01 1.115671999769686673e+00 1.022679742842975692e+00 9.840033801155598780e-01
7.050000000000000711e+00 7.806964049204789813e-01 1.125830400944928700e+00 1.043199268134469504e+00 9.861900307775890440e-01
7.070000000000000284e+00 7.805524651683221071e-01 1.134112930939343844e+00 1.054837422672221914e+00 9.914358703955645780e-01
7.089999999999999858e+00 7.767823245984893932e-01 1.139197098829901611e+00 1.057545230140038539e+00 9.929198188312007289e-01
7.110000000000000320e+00 7.778848896820464986e-01 1.141349823258423379e+00 1.073338657556470732e+00 9.956111127170795827e-01
7.130000000000000782e+00 7.660995995339939801e-01 1.160894485957246092e+00 1.079992957856620306e+00 1.002105980381112094e+00
7.150000000000000355e+00 7.675174211009598846e-01 1.155529115119322991e+00 1.081166835476679022e+00 9.998259589348028609e-01
7.169999999999999929e+00 7.734596601575681740e-01 1.166283219166947660e+00 1.093933303757864461e+00 1.008852655561762512e+00
7.189999999999999503e+00 7.676537213643244151e-01 1.165406254936713681e+00 1.116108570272866363e+00 1.007662024806222023e+00
7.209999999999999964e+00 7.738251060359306877e-01 1.171992077912569430e+00 1.110180574620678318e+00 1.013219177218958489e+00
7.230000000000000426e+00 7.784718782450062990e-01 1.173026115744458586e+00 1.124304152404587365e+00 1.016562730825618877e+00
7.250000000000000000e+00 7.789507760340445008e-01 1.170889099740825445e+00 1.142928464442347636e+00 1.016880532762909795e+00
7.269999999999999574e+00 7.892573443095881602e-01 1.174897021107244699e+00 1.142929170369895608e+00 1.023054373865968092e+00
7.290000000000000036e+00 7.923967525661144151e-01 1.171941445991515396e+00 1.149221231685008560e+00 1.023104962631651071e+00
7.310000000000000497e+00 7.940457500514872535e-01 1.173457674939183182e+00 1.178598084547378688e+00 1.026604923719221851e+00
7.330000000000000071e+00 8.008391541578582240e-01 1.174970819175520598e+00 1.183357620732082172e+00 1.030391920119005933e+00
7.349999999999999645e+00 8.079309924357912509e-01 1.171718838483218006e+00 1.192594933524956602e+00 1.032019441468363219e+00
7.370000000000000107e+00 8.188911888787250293e-01 1.167934792325120430e+00 1.169630662060853199e+00 1.032625854613130834e+00
7.390000000000000568e+00 8.220929099298316389e-01 1.157807566943191313e+00 1.198197263152013470e+00 1.030353704401794968e+00
7.410000000000000142e+00 8.249610215628018217e-01 1.150296485254742151e+00 1.193128442148868373e+00 1.027039057538043476e+00
7.429999999999999716e+00 8.396619359719970088e-01 1.149764270096033769e+00 1.197657335029825187e+00 1.032768196569565866e+00
7.450000000000000178e+00 8.503058550795657977e-01 1.143434856114116327e+00 1.183819524912602450e+00 1.032503590671777882e+00
7.470000000000000639e+00 8.468890292355160110e-01 1.139253575046301759e+00 1.183675615757264543e+00 1.028898917046098260e+00
7.490000000000000213e+00 8.579487722396295091e-01 1.122541777102648686e+00 1.168368865438626392e+00 1.023059733001833616e+00
7.509999999999999787e+00 8.618750810240783933e-01 1.125119533950222017e+00 1.173689761389113073e+00 1.026350963881363265e+00
7.530000000000000249e+00 8.706652334545164074e-01 1.116882201673940589e+00 1.172029650776406973e+00 1.025176330504864675e+00
7.550000000000000711e+00 8.788116156007190760e-01 1.117975323396438680e+00 1.146844426912320802e+00 1.027183586404714966e+00
7.570000000000000284e+00 8.778234264819770871e-01 1.104950843228819091e+00 1.141951005801388863e+00 1.019393019181056736e+00
7.589999999999999858e+00 8.845258412309661145e-01 1.095389956403496567e+00 1.161870205858424043e+00 1.018186716612968334e+00
7.610000000000000320e+00 8.939113830967518881e-01 1.081429006116278346e+00 1.140753701156843603e+00 1.012787787557444918e+00
7.630000000000000782e+00 8.957740938893582472e-01 1.080243032146581905e+00 1.136662787777683814e+00 1.012583216236899730e+00
7.650000000000000355e+00 9.086373078959393279e-01 1.067781421421893917e+00 1.149558495529011681e+00 1.011706072807310175e+00
7.669999999999999929e+00 9.133278523160385243e-01 1.066550709818537612e+00 1.136235935013008902e+00 1.011934161961209666e+00
7.689999999999999503e+00 9.255773132323951158e-01 1.050738009697057329e+00 1.156883935031591149e+00 1.009538050287054789e+00
7.709999999999999964e+00 9.278873926529501714e-01 1.052064541234901673e+00 1.138772160104210451e+00 1.009898086170385456e+00
7.730000000000000426e+00 9.340221187415636006e-01 1.033086543718643835e+00 1.125998502655509936e+00 1.001093944953280079e+00
7.750000000000000000e+00 9.433972245933756051e-01 1.021571528880858226e+00 1.144677405728060648e+00 9.997781951658721855e-01
7.769999999999999574e+00 9.437014464272424075e-01 1.007906958862777369e+00 1.157211235479086442e+00 9.933503602269864174e-01
7.790000000000000036e+00 9.464926491004120868e-01 9.915656812104919338e-01 1.131803528385512791e+00 9.838035708065275831e-01
7.810000000000000497e+00 9.565080549022784151e-01 9.898814175176726682e-01 1.118395393573528240e+00 9.858456134940100091e-01
7.830000000000000071e+00 9.697386964348829741e-01 9.784286206858383572e-01 1.129527724133524869e+00 9.855361705284206852e-01
7.849999999999999645e+00 9.682242206737089463e-01 9.669448724260212291e-01 1.114891397153358499e+00 9.777017914960106637e-01
7.870000000000000107e+00 9.796153158527264315e-01 9.619427414947410160e-01 1.107141898672518110e+00 9.788695828602937965e-01
7.890000000000000568e+00 9.869327510153337313e-01 9.468608951424074549e-01 1.107028343017726346e+00 9.735166022565864274e-01
7.910000000000000142e+00 1.000317917544874424e+00 9.396118036678803298e-01 1.110774661343783443e+00 9.750360280252722278e-01
7.929999999999999716e+00 1.000016076993863745e+00 9.313943796850038259e-01 1.099108447203907657e+00 9.696506126746853305e-01
7.950000000000000178e+00 1.008830073898100865e+00 9.257292508441906653e-01 1.077041288270839559e+00 9.684657558663511967e-01
7.970000000000000639e+00 1.022180960234915670e+00 9.182671114362075393e-01 1.067148456785727006e+00 9.689103534487790714e-01
7.990000000000000213e+00 1.022750639315954668e+00 9.105690150287027995e-01 1.062696656863431510e+00 9.646452383870173231e-01
8.009999999999999787e+00 1.027712451450001119e+00 9.059628597777902304e-01 1.046635180932253828e+00 9.629569283401651081e-01
8.030000000000001137e+00 1.036949341920945455e+00 8.976847235804977787e-01 1.048738122107605752e+00 9.621944629590525322e-01
8.050000000000000711e+00 1.032968543212060331e+00 8.946896008270284195e-01 1.036003559821178088e+00 9.581414449198014660e-01
8.070000000000000284e+00 1.046153192329621007e+00 8.804741486546707741e-01 1.029804460362618856e+00 9.551130046566038700e-01
8.089999999999999858e+00 1.051713999911635833e+00 8.872715517248372930e-01 1.018582060894587249e+00 9.601808890517961048e-01
8.109999999999999432e+00 1.054191787362602550e+00 8.848059588325500879e-01 1.020024426196168177e+00 9.599043229782988629e-01
8.130000000000000782e+00 1.054724104424532571e+00 8.915944808361654372e-01 1.002055069486242678e+00 9.625484458365750617e-01
8.150000000000000355e+00 1.067807115885583968e+00 8.855747646862214273e-01 9.878477680399840866e-01 9.633726245764285823e-01
8.169999999999999929e+00 1.075577592533131011e+00 8.859935680681637615e-01 9.821718101339377283e-01 9.662211371392274151e-01
8.189999999999999503e+00 1.077518958963689100e+00 8.787518843694502868e-01 9.759950815753956066e-01 9.626162724964106854e-01
8.210000000000000853e+00 1.083491528007604732e+00 8.861841565190543557e-01 9.519409686443724983e-01 9.672985133471817543e-01
8.230000000000000426e+00 1.086477422928254999e+00 8.813432127285687478e-01 9.504563991190859706e-01 9.657271046508181245e-01
8.250000000000000000e+00 1.094762025598330801e+00 8.850613709717540800e-01 9.530229646044384717e-01 9.711371459148407936e-01
8.269999999999999574e+00 1.102893206727755038e+00 8.865734961876546860e-01 9.466717419979036041e-01 9.746720729013222950e-01
8.289999999999999147e+00 1.104992257938228750e+00 8.829649967211875561e-01 9.314349715145309183e-01 9.724716085011003708e-01
8.310000000000000497e+00 1.109389681451526277e+00 8.835148322627215389e-01 9.287835360770557713e-01 9.742922642260973820e-01
8.330000000000000071e+00 1.112823258747182686e+00 8.910814233654857919e-01 9.128956247427693071e-01 9.786286330488684904e-01
8.349999999999999645e+00 1.112212070965766131e+00 8.970419728447417418e-01 9.097655503915597075e-01 9.814089306711578642e-01
8.370000000000000995e+00 1.114354012857937892e+00 8.900712261214092091e-01 9.110614605196942772e-01 9.785471630900111073e-01
8.390000000000000568e+00 1.116368602359299800e+00 8.968909713320747379e-01 9.041766336823365835e-01 9.825520867913603018e-01
8.410000000000000142e+00 1.129251489473853454e+00 9.039291807424296721e-01 9.058886071930726258e-01 9.914886008917844773e-01
8.429999999999999716e+00 1.120840093003983684e+00 9.068034608433925836e-01 8.792679499789333164e-01 9.879385515631893266e-01
8.449999999999999289e+00 1.123501877019577266e+00 9.091058087717585057e-01 8.819910460882781633e-01 9.904095384198764451e-01
8.470000000000000639e+00 1.125108115460715208e+00 9.078135495949922751e-01 8.701036595379117999e-01 9.895070724174706012e-01
8.490000000000000213e+00 1.123002601798654521e+00 9.144212918318070926e-01 8.792720541363395759e-01 9.929117194611505326e-01
8.509999999999999787e+00 1.124525462228145978e+00 9.221830705022112662e-01 8.713396458738291717e-01 9.971644006493631807e-01
8.530000000000001137e+00 1.133469365634153236e+00 9.221521077431118485e-01 8.624682125280955791e-01 1.000002511634710878e+00
8.550000000000000711e+00 1.121214013063152715e+00 9.209193827528672216e-01 8.546237218476265829e-01 9.940345358601528902e-01
8.570000000000000284e+00 1.125308651060290543e+00 9.311566669733670754e-01 8.566505747270087845e-01 1.001319096657902197e+00
8.589999999999999858e+00 1.124044685980856162e+00 9.327413811108827835e-01 8.509566878119735334e-01 1.001293749495572261e+00
8.609999999999999432e+00 1.128735692235774080e+00 9.436709952274947577e-01 8.530081001712369604e-01 1.009187095818857127e+00
8.630000000000000782e+00 1.123454358515012075e+00 9.452968223805177095e-01 8.668424342434875030e-01 1.008979688404588071e+00
8.650000000000000355e+00 1.119629397743022503e+00 9.524652427461147708e-01 8.669644153263190711e-01 1.011394059474293172e+00
8.669999999999999929e+00 1.118433156744867540e+00 9.567313124004713787e-01 8.786900522331650976e-01 1.014058133267642825e+00
8.690000000000001279e+00 1.121148199454688577e+00 9.566403086277507350e-01 8.753534102679070283e-01 1.014830761641852597e+00
8.710000000000000853e+00 1.113817572167126846e+00 9.565619283786447324e-01 8.763261084573511495e-01 1.012011454196682481e+00
8.730000000000000426e+00 1.117866522899242376e+00 9.764876528747566953e-01 8.832477218812516684e-01 1.024875223545141933e+00
8.750000000000000000e+00 1.119503961249403323e+00 9.722239125931909642e-01 8.941290678354627541e-01 1.023951458267165604e+00
8.769999999999999574e+00 1.116917698586399332e+00 9.702546807838440257e-01 8.932493134582472072e-01 1.021818381237757922e+00
8.789999999999999147e+00 1.106900151076048555e+00 9.769286910421719483e-01 8.971371055044751186e-01 1.021822947568544526e+00
8.810000000000000497e+00 1.112422361764653811e+00 9.810730411476190627e-01 9.176169387575415781e-01 1.027634813584993756e+00
8.830000000000000071e+00 1.098746288431483364e+00 9.869898947887120189e-01 9.188291381326826324e-01 1.025623462355377713e+00
8.849999999999999645e+00 1.103226329099543879e+00 9.887322815572172630e-01 9.437547476115225598e-01 1.030035867148469508e+00
8.870000000000000995e+00 1.093647508085480835e+00 9.946363671561517794e-01 9.435117266869434971e-01 1.029506369465585047e+00
8.890000000000000568e+00 1.083576606119149188e+00 9.939671991069797263e-01 9.551896574974249043e-01 1.026045701194695958e+00
8.910000000000000142e+00 1.076166944583256235e+00 9.977157112868595412e-01 9.614013096250764168e-01 1.025635743864467209e+00
8.929999999999999716e+00 1.074369749315057465e+00 1.002471757257466622e+00 9.509391394156386790e-01 1.026793747177644711e+00
8.949999999999999289e+00 1.056861780977764953e+00 1.008750089338766864e+00 9.723451615998696118e-01 1.024892307214088749e+00
8.970000000000000639e+00 1.059167560425474441e+00 1.016416771304750721e+00 9.748623854501318187e-01 1.030121864799893316e+00
8.990000000000000213e+00 1.045691298147871651e+00 1.014137789121866140e+00 9.787851267149226819e-01 1.023928522212308900e+00
9.009999999999999787e+00 1.036648216859529459e+00 1.016745110841074551e+00 9.966068885214255380e-01 1.023070734168747720e+00
9.030000000000001137e+00 1.034015308917935805e+00 1.027919156615873408e+00 9.948839139238957463e-01 1.027993328004969564e+00
9.050000000000000711e+00 1.029105627854499661e+00 1.026278720786540477e+00 1.005081983918545863e+00 1.025905483510238358e+00
9.070000000000000284e+00 1.028536573998855452e+00 1.029777354683455881e+00 1.002429741383035200e+00 1.027399300186992548e+00
9.089999999999999858e+00 1.015749898263806461e+00 1.026446019778691765e+00 1.003446847695041555e+00 1.020700934751916034e+00
9.109999999999999432e+00 1.010644908510182516e+00 1.034423141773966881e+00 1.012444774779097889e+00 1.023673082024506353e+00
9.130000000000000782e+00 1.001403499776663875e+00 1.040936777082238418e+00 1.004469792753273527e+00 1.023069037476033394e+00
9.150000000000000355e+00 9.958212971534985414e-01 1.042824109956853817e+00 1.019392087715788486e+00 1.022962255417353195e+00
9.169999999999999929e+00 9.908506063595914348e-01 1.043382406300350729e+00 1.014397642741077687e+00 1.020990242773780476e+00
9.190000000000001279e+00 9.846854654390356787e-01 1.049546399223705073e+00 1.028066926226691491e+00 1.022891130049103481e+00
9.210000000000000853e+00 9.808537645316586229e-01 1.055813384151455203e+00 1.025915629314846145e+00 1.024656059945837860e+00
9.230000000000000426e+00 9.692142721776786374e-01 1.053989715255120085e+00 1.034098705860183154e+00 1.019717916279474945e+00
9.250000000000000000e+00 9.614002299451173128e-01 1.060736029744339559e+00 1.033782877270014389e+00 1.020325130026254135e+00
9.269999999999999574e+00 9.609259518095126795e-01 1.057409658000446173e+00 1.043194462773436415e+00 1.018988767268466322e+00
9.289999999999999147e+00 9.433696670754120328e-01 1.067794577042447068e+00 1.047669280553961357e+00 1.018122805238003359e+00
9.310000000000000497e+00 9.462143406284885261e-01 1.065624485993902582e+00 1.055810871577646193e+00 1.018613555307802399e+00
9.330000000000000071e+00 9.314275906048787856e-01 1.067915199119356950e+00 1.056971022645610825e+00 1.014199920615328487e+00
9.349999999999999645e+00 9.292127430492994611e-01 1.067860408517105508e+00 1.047290129791325963e+00 1.012639443147565377e+00
9.370000000000000995e+00 9.257700817794396464e-01 1.070735937209596367e+00 1.063316090009187365e+00 1.013975579323771026e+00
9.390000000000000568e+00 9.192518022543715306e-01 1.069144340420677741e+00 1.040080661037433130e+00 1.008971397570856743e+00
9.410000000000000142e+00 9.192189752391928259e-01 1.074510497926237873e+00 1.040087699928077480e+00 1.011871114545394024e+00
9.429999999999999716e+00 9.166304831280646104e-01 1.070741391961808953e+00 1.037808280827360319e+00 1.008663393057200430e+00
9.449999999999999289e+00 9.105244288489072746e-01 1.073657384039527818e+00 1.040110817919440045e+00 1.008036347357393447e+00
9.470000000000000639e+00 9.081260989181918486e-01 1.072791562497902529e+00 1.036425433143125074e+00 1.006380377682133842e+00
9.490000000000000213e+00 9.112593664332223620e-01 1.076208240161872443e+00 1.033056708087057185e+00 1.009216505852294832e+00
9.509999999999999787e+00 9.084215350905022746e-01 1.077889195658839006e+00 1.043250589418897922e+00 1.009734599945476319e+00
9.530000000000001137e+00 9.060654773400658168e-01 1.070180825496144683e+00 1.038986025729714324e+00 1.004341729140683315e+00
9.550000000000000711e+00 9.030842311592515159e-01 1.072081545268277036e+00 1.050180046584142879e+00 1.004992797868108356e+00
9.570000000000000284e+00 9.020318567208762683e-01 1.073784883784102862e+00 1.050180735248112063e+00 1.005508854506862670e+00
9.589999999999999858e+00 9.076847372864971231e-01 1.072938167233560058e+00 1.064645718717596834e+00 1.008245850446001457e+00
9.609999999999999432e+00 9.126627730755789702e-01 1.071774686618848671e+00 1.078837541085726714e+00 1.010530173430399747e+00
9.630000000000000782e+00 9.094842950383269509e-01 1.073609364702300617e+00 1.069206685771235010e+00 1.009624611382907711e+00
9.650000000000000355e+00 9.008882961446318394e-01 1.068905349110820246e+00 1.071623350657159968e+00 1.003904373467996658e+00
9.669999999999999929e+00 9.030406436334668108e-01 1.067825260320471870e+00 1.079229193562759814e+00 1.004680843768034570e+00
9.690000000000001279e+00 9.045489000215968245e-01 1.064827113373152390e+00 1.089202482131001348e+00 1.004330759190508626e+00
9.710000000000000853e+00 9.088536210272138982e-01 1.064361865115466044e+00 1.080178500536939090e+00 1.005122652524522042e+00
9.730000000000000426e+00 9.042796744745098536e-01 1.062751919706081960e+00 1.094150093411457858e+00 1.003443321751398276e+00
9.750000000000000000e+00 9.090588031346827913e-01 1.063573047293552287e+00 1.079714111556250078e+00 1.004742000060370843e+00
9.769999999999999574e+00 9.171297230294750413e-01 1.060353268708135621e+00 1.084965740349284502e+00 1.006490453747147074e+00
9.789999999999999147e+00 9.154903385729366017e-01 1.055488478096512805e+00 1.085905539395685571e+00 1.003279664767946056e+00
9.810000000000000497e+00 9.167713138450951371e-01 1.059734692599154648e+00 1.077239708515117078e+00 1.005479897009541768e+00
9.830000000000000071e+00 9.236337410832242689e-01 1.049011516458628668e+00 1.090517838014168683e+00 1.003244379148767962e+00
9.849999999999999645e+00 9.297059025195416604e-01 1.054173042924564596e+00 1.075316718782262315e+00 1.007347014512713912e+00
9.870000000000000995e+00 9.384728318986165219e-01 1.049291798287545152e+00 1.089124951245853401e+00 1.009057340825965987e+00
9.890000000000000568e+00 9.358179117867392316e-01 1.048344117025381772e+00 1.092699617363738440e+00 1.007760900985855468e+00
9.910000000000000142e+00 9.422182672917620572e-01 1.041776274782292067e+00 1.073522959058469395e+00 1.005350171865760478e+00
9.929999999999999716e+00 9.489466547021653264e-01 1.041977175043416137e+00 1.066711814023236782e+00 1.007597386252386373e+00
9.949999999999999289e+00 9.527466707795434475e-01 1.030206635628911904e+00 1.068898898126984021e+00 1.002836120355082850e+00
9.970000000000000639e+00 9.570262023241505878e-01 1.025593335694892527e+00 1.057668695053274321e+00 1.001214276416129145e+00
9.990000000000000213e+00 9.597421759693050003e-01 1.017624391243281190e+00 1.070866716253950690e+00 9.988590010628178861e-01
1.000999999999999979e+01 9.645158936092164126e-01 1.020866765075716165e+00 1.060231211295627141e+00 1.001733052884706821e+00
1.003000000000000114e+01 9.666784948391767829e-01 1.015158014872711512e+00 1.050595826352048956e+00 9.988060096258284393e-01
1.005000000000000071e+01 9.765230786717143951e-01 1.009453711464460390e+00 1.047174403867528358e+00 9.992928937592671090e-01
1.007000000000000028e+01 9.788757270311977399e-01 1.008844149727439410e+00 1.037552294680583964e+00 9.992076019283860910e-01
1.008999999999999986e+01 9.851227997921926383e-01 1.002362611812783300e+00 1.041757416302387940e+00 9.984058309301067080e-01
1.010999999999999943e+01 9.903466669156048008e-01 9.965089827256126132e-01 1.049948195718328536e+00 9.978242176266070018e-01
1.013000000000000078e+01 9.861892818227218083e-01 9.930308547261070817e-01 1.031411593496161849e+00 9.930381915788902836e-01
1.015000000000000036e+01 9.935354979271586728e-01 9.885896498322090942e-01 1.037049295010086691e+00 9.938694288638800778e-01
1.016999999999999993e+01 9.932742877088107658e-01 9.888132348156146723e-01 1.014231608135120366e+00 9.923069344443217199e-01
1.019000000000000128e+01 1.000232250258408229e+00 9.854869884071949526e-01 1.019812679274924694e+00 9.935886408916521084e-01
1.021000000000000085e+01 9.975035997515755426e-01 9.826966382619231055e-01 1.023049588687217959e+00 9.912402385355545409e-01
1.023000000000000043e+01 9.966996628458988372e-01 9.775575229804330801e-01 1.025999665664000027e+00 9.883441531091564647e-01
1.025000000000000000e+01 1.005420256076623220e+00 9.710371249757304701e-01 1.019661649454732588e+00 9.877498050925462847e-01
1.026999999999999957e+01 1.009014177720964467e+00 9.723493611759702615e-01 1.007448448430738441e+00 9.890092896420924484e-01
1.028999999999999915e+01 1.016412930305127915e+00 9.652501799212661604e-01 1.010871866499767791e+00 9.882649826202878351e-01
1.031000000000000050e+01 1.021209441891830272e+00 9.605798643056954189e-01 1.014729587475593942e+00 9.878591769957699720e-01
1.033000000000000007e+01 1.021676177544282194e+00 9.603479212978847102e-01 1.000165404430214844e+00 9.869043322144175345e-01
1.034999999999999964e+01 1.025896639896831886e+00 9.627290227636066122e-01 1.006064765986964815e+00 9.902430952503489259e-01
1.037000000000000099e+01 1.025076375642094639e+00 9.569509390507970892e-01 1.008299676599335060e+00 9.869443373527123642e-01
1.039000000000000057e+01 1.029820418084448352e+00 9.506105588092539360e-01 1.009956454927703140e+00 9.854592651784657154e-01
1.041000000000000014e+01 1.032077637982296237e+00 9.547034034864838592e-01 9.869962723373192359e-01 9.869636903195093680e-01
1.042999999999999972e+01 1.030793275996690905e+00 9.497029335445553722e-01 9.946573444636932493e-01 9.842831614475784363e-01
1.044999999999999929e+01 1.038174344616956457e+00 9.436394191180365043e-01 9.851390355287762413e-01 9.831964535942321337e-01
1.047000000000000064e+01 1.032296573507106130e+00 9.450644016665464830e-01 9.746262892858631455e-01 9.809600995079140739e-01
1.049000000000000021e+01 1.040747041239101778e+00 9.411775853865188557e-01 9.648802892981047652e-01 9.814537135934811030e-01
1.050999999999999979e+01 1.033717116155009386e+00 9.440373951219604987e-01 9.666808297532420990e-01 9.804029097365641876e-01
1.053000000000000114e+01 1.038071664762084234e+00 9.418392982650087841e-01 9.527438369169172194e-01 9.799330668160504132e-01
1.055000000000000071e+01 1.044264679035687093e+00 9.340666056798336836e-01 9.453175456455971126e-01 9.776029977795004378e-01
1.057000000000000028e+01 1.037278681546446535e+00 9.357865519034058721e-01 9.480422613523971087e-01 9.760147806875979493e-01
1.058999999999999986e+01 1.041452269165506372e+00 9.339794090064944543e-01 9.544099079667692775e-01 9.770950671477481864e-01
1.060999999999999943e+01 1.045270058350421749e+00 9.333808328904716900e-01 9.442394986634659038e-01 9.775461751334403315e-01
1.063000000000000078e+01 1.044028411880576712e+00 9.401389225449550135e-01 9.371058136028080909e-01 9.802369846653455898e-01
1.065000000000000036e+01 1.045320231040634207e+00 9.304433634638061834e-01 9.368965446116797047e-01 9.754623568573567161e-01
1.066999999999999993e+01 1.044882092061091505e+00 9.332709458041542616e-01 9.307051723269833543e-01 9.763973695860941326e-01
1.069000000000000128e+01 1.047867518452627822e+00 9.358167079040783376e-01 9.294916103027959231e-01 9.788529979094643396e-01
1.071000000000000085e+01 1.052328213053924211e+00 9.385829453704379599e-01 9.345025274227540812e-01 9.824323486031685260e-01
1.073000000000000043e+01 1.045720407014614883e+00 9.402336916166035286e-01 9.177019886897717083e-01 9.795991799326200233e-01
1.075000000000000000e+01 1.050486131354499308e+00 9.445944637106136188e-01 9.263258890133367895e-01 9.844127316369131186e-01
1.076999999999999957e+01 1.054314976545229321e+00 9.427850702618018053e-01 9.158487627913352025e-01 9.841898029685873794e-01
1.078999999999999915e+01 1.053425211310612175e+00 9.445607947955333428e-01 9.225783512328735725e-01 9.852749010466124169e-01
1.081000000000000050e+01 1.047911698357246957e+00 9.490865399865430208e-01 9.224912383123344828e-01 9.855855664356768520e-01
1.083000000000000007e+01 1.048771198759466339e+00 9.473815160507983446e-01 9.299266418538491008e-01 9.855094769481301809e-01
1.084999999999999964e+01 1.054142886796181511e+00 9.542122361751215198e-01 9.111622585126771812e-01 9.899990043887952895e-01
1.087000000000000099e+01 1.045716222564303521e+00 9.537592708208507686e-01 9.115207381862273639e-01 9.865085741122053831e-01
1.089000000000000057e+01 1.054215492904304607e+00 9.569349442142223161e-01 9.198476971952728176e-01 9.921070243195801996e-01
1.091000000000000014e+01 1.044518369088106136e+00 9.619703438973521425e-01 9.213586676527456554e-01 9.911818749134846396e-01
1.092999999999999972e+01 1.049035056295468005e+00 9.660872583175967865e-01 9.347447857879798150e-01 9.960967458814483644e-01
1.094999999999999929e+01 1.047954148205430647e+00 9.621322860411173350e-01 9.318593162744474023e-01 9.933310642849441097e-01
1.097000000000000064e+01 1.041433273255703895e+00 9.702537481100602657e-01 9.279404787539599075e-01 9.949363675455114020e-01
1.099000000000000021e+01 1.039638786542001814e+00 9.651521358804426853e-01 9.383627759570575266e-01 9.921945278384142197e-01
1.100999999999999979e+01 1.037795686825684127e+00 9.638806240220315624e-01 9.392285779762824527e-01 9.908494729726730066e-01
1.103000000000000114e+01 1.031075209723030239e+00 9.737576324056008703e-01 9.419645551859723298e-01 9.937915173372292577e-01
1.105000000000000071e+01 1.031274516751739423e+00 9.735457622848999737e-01 9.432065628570720506e-01 9.938400120010193461e-01
1.107000000000000028e+01 1.030321205959124020e+00 9.768639862976037369e-01 9.453815168009723768e-01 9.954216202226522370e-01
1.108999999999999986e+01 1.028038804830939901e+00 9.780804872325814525e-01 9.517180957068135383e-01 9.956356638324013186e-01
1.110999999999999943e+01 1.017066318449474371e+00 9.845528979293579619e-01 9.434539443231809708e-01 9.943175474315728568e-01
1.113000000000000078e+01 1.020555580442942700e+00 9.867721982581770801e-01 9.409505971985305806e-01 9.967020543373567021e-01
1.115000000000000036e+01 1.017505107949097098e+00 9.848774463535528989e-01 9.454278800627046175e-01 9.948008106359287339e-01
1.116999999999999993e+01 1.020203229610551210e+00 9.873597451704297923e-01 9.530862588763946430e-01 9.977258241143787121e-01
1.119000000000000128e+01 1.022530952498753809e+00 9.910971124872065552e-01 9.553819609328680906e-01 1.000816275088649121e+00
1.121000000000000085e+01 1.012057249784190649e+00 9.902251196747869910e-01 9.528740828028007259e-01 9.961054303261731580e-01
1.123000000000000043e+01 1.014252860111925392e+00 9.964400175237851931e-01 9.586691581015744923e-01 1.000731755901585363e+00
1.125000000000000000e+01 1.013003765139130596e+00 9.969130998728326087e-01 9.767178068735671292e-01 1.001755564014262134e+00
1.126999999999999957e+01 1.014860630028909139e+00 9.989184950804739227e-01 9.693340741597713528e-01 1.003052165940908846e+00
1.128999999999999915e+01 1.011574200930496437e+00 1.002570132580460349e+00 9.700695474731712009e-01 1.003809635805480882e+00
1.131000000000000050e+01 1.004704072119200431e+00 1.004879235387987402e+00 9.787604457533208846e-01 1.002999855875049917e+00
1.133000000000000007e+01 1.003274084019629919e+00 1.008141961548830512e+00 9.799884334749006110e-01 1.004300725434274622e+00
1.134999999999999964e+01 1.002891511823220894e+00 1.010750607835144699e+00 9.814851380136940806e-01 1.005671682695612024e+00
1.137000000000000099e+01 1.002755770859948381e+00 1.010734885155221585e+00 9.956496730925571415e-01 1.006592837659412432e+00
1.139000000000000057e+01 9.987831654669498960e-01 1.013917794450521104e+00 1.003209692625289362e+00 1.007303021656999809e+00
1.141000000000000014e+01 9.910586356019093213e-01 1.020042624333888259e+00 1.006656572797236304e+00 1.007868669922202143e+00
1.142999999999999972e+01 9.905915528776677581e-01 1.021837151429792145e+00 9.941677415308179944e-01 1.007795113479149185e+00
1.144999999999999929e+01 9.887734248840529538e-01 1.024859907620301991e+00 1.007990853683781385e+00 1.009688676903739868e+00
1.147000000000000064e+01 9.890561314674872762e-01 1.026991217626489927e+00 1.001753725155227981e+00 1.010522364699248499e+00
1.149000000000000021e+01 9.810838366395274734e-01 1.029114062525063211e+00 9.979173590739555122e-01 1.008315074462245109e+00
1.150999999999999979e+01 9.802392864437381448e-01 1.032819555542185519e+00 1.000541008167358248e+00 1.010180152404231979e+00
1.153000000000000114e+01 9.829340813007275690e-01 1.033808971037370128e+00 9.990455034369575271e-01 1.011658906767028521e+00
1.155000000000000071e+01 9.758875870765346683e-01 1.035046615825795824e+00 9.865063528047143260e-01 1.008726899203754801e+00
1.157000000000000028e+01 9.740354594334854621e-01 1.035035885349814722e+00 1.004572867773306344e+00 1.009255430962975320e+00
1.158999999999999986e+01 9.663831106934158699e-01 1.033548735422259446e+00 1.000145080813277021e+00 1.005172283594296667e+00
1.160999999999999943e+01 9.725376377150146689e-01 1.032047211272487663e+00 1.001947655600804898e+00 1.006870404678566144e+00
1.163000000000000078e+01 9.658149641147016906e-01 1.034439756852561398e+00 1.008002185828204000e+00 1.005980276775243265e+00
1.165000000000000036e+01 9.665433148089217497e-01 1.039072125453502693e+00 1.002978922854028676e+00 1.008428265537585800e+00
1.166999999999999993e+01 9.642264686529786744e-01 1.033344396066595561e+00 1.014728926768473372e+00 1.005236069579793723e+00
1.169000000000000128e+01 9.623266708559595761e-01 1.037390215870476640e+00 1.023793639761140462e+00 1.007323105548089570e+00
1.171000000000000085e+01 9.650578559866106465e-01 1.032512170834016807e+00 1.025068351772262742e+00 1.005824102601369896e+00
1.173000000000000043e+01 9.614983496950023634e-01 1.033939882248754882e+00 1.021213911581165368e+00 1.004950474112795922e+00
1.175000000000000000e+01 9.639141201725083263e-01 1.036620166988251546e+00 1.021443020145514247e+00 1.007358132603189516e+00
1.176999999999999957e+01 9.668590436802707577e-01 1.039803428697244847e+00 1.035346614830723544e+00 1.011192408342763249e+00
1.178999999999999915e+01 9.617905472569547864e-01 1.034386172755204836e+00 1.037759242525477132e+00 1.006453494929306469e+00
1.181000000000000050e+01 9.595412808257911541e-01 1.036793897462541914e+00 1.034271168761526694e+00 1.006645447129511872e+00
1.183000000000000007e+01 9.649629267236716768e-01 1.043721614836985001e+00 1.039932516681254748e+00 1.012900992416937429e+00
1.184999999999999964e+01 9.651183320016674116e-01 1.035130926939048734e+00 1.044155087694462081e+00 1.008592367771727449e+00
1.187000000000000099e+01 9.625519983694306170e-01 1.035450472809351208e+00 1.035574159321691612e+00 1.007174937054183372e+00
1.189000000000000057e+01 9.613886545253547133e-01 1.037845875690416975e+00 1.037587594098765331e+00 1.008163079688598973e+00
1.191000000000000014e+01 9.622343556786887575e-01 1.032543718721987025e+00 1.042062218777857208e+00 1.005924299473021089e+00
1.192999999999999972e+01 9.614538718918267390e-01 1.035055289923353161e+00 1.058115862553844044e+00 1.008097759504881008e+00
1.194999999999999929e+01 9.623294210372174140e-01 1.033633313572916101e+00 1.046511017391914544e+00 1.006860994603178572e+00
1.197000000000000064e+01 9.633211756013464466e-01 1.028855789378848362e+00 1.049619518092268056e+00 1.004868831215108615e+00
1.199000000000000021e+01 9.617783681199602031e-01 1.031510517993554199e+00 1.054664131664331039e+00 1.006060690063155905e+00
1.200999999999999979e+01 9.650502609008536625e-01 1.028630191704936969e+00 1.054445335087248248e+00 1.005751968223367765e+00
1.203000000000000114e+01 9.618211792491702106e-01 1.029863258451780617e+00 1.048625577948741672e+00 1.004764616900094332e+00
1.205000000000000071e+01 9.609514270927792534e-01 1.024750051933011719e+00 1.044370286554217264e+00 1.001357340919252881e+00
1.207000000000000028e+01 9.642176393464875206e-01 1.021584692644484038e+00 1.050891959968304201e+00 1.001359212905196694e+00
1.208999999999999986e+01 9.635736344057852509e-01 1.022698403606243867e+00 1.050074977169198842e+00 1.001657042541598486e+00
1.210999999999999943e+01 9.623005054076873011e-01 1.027884767494370521e+00 1.046201959588813457e+00 1.003708871381611578e+00
1.213000000000000078e+01 9.690281166214538278e-01 1.020967328818314090e+00 1.048282086627999821e+00 1.002709628038823020e+00
1.215000000000000036e+01 9.672177928910525857e-01 1.021302209017131757e+00 1.046182951743878098e+00 1.002043377323622364e+00
1.216999999999999993e+01 9.651563858749510061e-01 1.020194998047819546e+00 1.049560504145549800e+00 1.000876976712721023e+00
1.219000000000000128e+01 9.708492184835897376e-01 1.020011018683259829e+00 1.043058928421307874e+00 1.002535016059245443e+00
1.221000000000000085e+01 9.721912218646079351e-01 1.021342392115873299e+00 1.042539182185728164e+00 1.003742133071161113e+00
1.223000000000000043e+01 9.750783036183492403e-01 1.014348414818032174e+00 1.043149085521275277e+00 1.001109291891949082e+00
1.225000000000000000e+01 9.785386133630613603e-01 1.015916501147726692e+00 1.033640444090447641e+00 1.002643343379514551e+00
1.226999999999999957e+01 9.799207060207218989e-01 1.014448363155862065e+00 1.026767857679654838e+00 1.001906260648879554e+00
1.229000000000000092e+01 9.801348546122223837e-01 1.009748337349278602e+00 1.039801352297645476e+00 1.000342774664610968e+00
1.231000000000000050e+01 9.862185248166791540e-01 1.009668103485246826e+00 1.025363220828571231e+00 1.001658329997950458e+00
1.233000000000000007e+01 9.857236970882382598e-01 1.007366899709497554e+00 1.038546212035508454e+00 1.001131863809147982e+00
1.234999999999999964e+01 9.905208928834581261e-01 1.006212442257402140e+00 1.027241512413537450e+00 1.001582657352979577e+00
1.237000000000000099e+01 9.937742530438392619e-01 1.004463613245701215e+00 1.031493431229506763e+00 1.002190813901273625e+00
1.239000000000000057e+01 9.937039094530821792e-01 1.002353227295575300e+00 1.019992429870609785e+00 1.000220682867410282e+00
1.241000000000000014e+01 9.932301141621029394e-01 1.002627507485374547e+00 1.025458215920410421e+00 1.000564761534755709e+00
1.242999999999999972e+01 9.972068521134110908e-01 1.004914362712148401e+00 1.012149217608663276e+00 1.002425660011649899e+00
1.244999999999999929e+01 1.001650838560780299e+00 9.963023475258653283e-01 1.016673727293484042e+00 9.997903428117913549e-01
1.247000000000000064e+01 9.964711844574244415e-01 9.958841490929485341e-01 1.014973471808680472e+00 9.974358173154691531e-01
1.249000000000000021e+01 1.003517404022444826e+00 9.972189884462961951e-01 1.006916633374775216e+00 1.000335292098877948e+00
1.250999999999999979e+01 1.001621025395280418e+00 9.921982834997665757e-01 1.014029137964499672e+00 9.973682794948118824e-01
1.253000000000000114e+01 1.003806904581960424e+00 9.967293549782784146e-01 1.007158037105287063e+00 1.000198656999573110e+00
1.255000000000000071e+01 1.004783010070559923e+00 9.962896003935048928e-01 9.985762876142505462e-01 9.997435744588005768e-01
1.257000000000000028e+01 1.004292990940428343e+00 9.912414940416851561e-01 9.945818369099349576e-01 9.965370492604495034e-01
1.258999999999999986e+01 1.008952682899945774e+00 9.923406379070986993e-01 9.893512027697158873e-01 9.985786723232950024e-01
1.260999999999999943e+01 1.007878806129545612e+00 9.879741351862705301e-01 9.812261699189254172e-01 9.952290206707632425e-01
1.263000000000000078e+01 1.009137309242406744e+00 9.880210572024078486e-01 9.767892296206492908e-01 9.954350584736584295e-01
1.265000000000000036e+01 1.014215194952039933e+00 9.895770238886099079e-01 9.823323333022887516e-01 9.986340259151207377e-01
1.266999999999999993e+01 1.017177862482465223e+00 9.820508901929796419e-01 9.806396078625853052e-01 9.955820405468224221e-01
1.269000000000000128e+01 1.016643538357481225e+00 9.826836184571569044e-01 9.820858414149052917e-01 9.958183794586372706e-01
1.271000000000000085e+01 1.013122914230897065e+00 9.798502725712521233e-01 9.752166578148834253e-01 9.924384766780454115e-01
1.273000000000000043e+01 1.015554520817103068e+00 9.819510678982525942e-01 9.925360019402007516e-01 9.957230770900304950e-01
1.275000000000000000e+01 1.022718524202624657e+00 9.813895508872717555e-01 9.841972257048907657e-01 9.976196330722044703e-01
1.276999999999999957e+01 1.021364794711230761e+00 9.805366651281699486e-01 9.879766159508590606e-01 9.968936857445477306e-01
1.279000000000000092e+01 1.024823712252537211e+00 9.745149408957712867e-01 9.896780867650234459e-01 9.950860132587820983e-01
1.281000000000000050e+01 1.027532892846054091e+00 9.778918636499713823e-01 9.910809227517830555e-01 9.980669476720650524e-01
1.283000000000000007e+01 1.026504701226470084e+00 9.735195851500996200e-01 9.927525269037964506e-01 9.954113138168401154e-01
1.284999999999999964e+01 1.030599135539611133e+00 9.762409552065633989e-01 1.001967612485120229e+00 9.991157823799643456e-01
1.287000000000000099e+01 1.034332513383529051e+00 9.725227675498722135e-01 9.985753474586843703e-01 9.983113553355714709e-01
1.289000000000000057e+01 1.033203026455302709e+00 9.722492172809110711e-01 9.942802933435332946e-01 9.974268039463656255e-01
1.291000000000000014e+01 1.035227347168369283e+00 9.739494007020365052e-01 9.931936733186268462e-01 9.990594771597967050e-01
1.292999999999999972e+01 1.036559142595459226e+00 9.748501525666471990e-01 1.005113964681002781e+00 1.000891709521122941e+00
1.294999999999999929e+01 1.042786593184211297e+00 9.723658881768820761e-01 9.892052992611306550e-01 1.000856508507610432e+00
1.297000000000000064e+01 1.038073398750197773e+00 9.703116170232759519e-01 9.927673268675499818e-01 9.981601005191098608e-01
1.299000000000000021e+01 1.035680958328204060e+00 9.717817285816413575e-01 9.922700062022201672e-01 9.979951207019307491e-01
1.300999999999999979e+01 1.033842529549643618e+00 9.758759621872770129e-01 9.864759553055579833e-01 9.991017389802652193e-01
1.303000000000000114e+01 1.034053610269376478e+00 9.766118899392256525e-01 9.815730323945612845e-01 9.992429582306225910e-01
1.305000000000000071e+01 1.034833538356618732e+00 9.705167289052021307e-01 9.774556740267126287e-01 9.959524517777977870e-01
1.307000000000000028e+01 1.031751496853062777e+00 9.686272551488444016e-01 9.824918531035803371e-01 9.940805848706225634e-01
1.308999999999999986e+01 1.036093418457931126e+00 9.747068775687927067e-01 9.783682759839554821e-01 9.987783682940510888e-01
1.310999999999999943e+01 1.029120199240580291e+00 9.730340392132811322e-01 9.876494667617172762e-01 9.958087132782271755e-01
1.313000000000000078e+01 1.028846726620021634e+00 9.729794371767767069e-01 9.810808199213036929e-01 9.952174221567443579e-01
1.315000000000000036e+01 1.026252226467279094e+00 9.800808102572882152e-01 9.787130882304877488e-01 9.979001510040780287e-01
1.316999999999999993e+01 1.025171049520664068e+00 9.693985981657798900e-01 9.777331276553749007e-01 9.916159560450741317e-01
1.319000000000000128e+01 1.025017078686506711e+00 9.745747332674095098e-01 9.704964159782059063e-01 9.938631775777966304e-01
1.321000000000000085e+01 1.026266976422150368e+00 9.739133555911619888e-01 9.797151012005548276e-01 9.946285741576718076e-01
1.323000000000000043e+01 1.025437490349518477e+00 9.761815579308413815e-01 9.795051125198771524e-01 9.955230243269014290e-01
1.325000000000000000e+01 1.026168196006842726e+00 9.726081464937146315e-01 9.850019731483278251e-01 9.942486320413009837e-01
1.326999999999999957e+01 1.023779510436011009e+00 9.744100784139909655e-01 9.846930204407232656e-01 9.942782365326079397e-01
1.329000000000000092e+01 1.027057477669264030e+00 9.787480241804130676e-01 9.812429006443869062e-01 9.976647918256901226e-01
1.331000000000000050e+01 1.023350205548967606e+00 9.762772765473033409e-01 9.884331379025943498e-01 9.953842997068237386e-01
1.333000000000000007e+01 1.023466831185302572e+00 9.806542493145888884e-01 9.794166214978833329e-01 9.971794075409223801e-01
1.334999999999999964e+01 1.017334052176891435e+00 9.849447546647397411e-01 9.772106225244746591e-01 9.969751969387765644e-01
1.337000000000000099e+01 1.024459531748665331e+00 9.847717350479999743e-01 9.778545731478957004e-01 9.996906048855820348e-01
1.339000000000000057e+01 1.018110558576791558e+00 9.867892780495728378e-01 9.799159070457424958e-01 9.984650333731104332e-01
1.341000000000000014e+01 1.009695170486830884e+00 9.887719540818029618e-01 9.825697478955750519e-01 9.964598783482342403e-01
1.342999999999999972e+01 1.014898315315961419e+00 9.906464315719096803e-01 9.813386036807663082e-01 9.994104719024023975e-01
1.344999999999999929e+01 1.018075169013448633e+00 9.969963908218547610e-01 9.831013703338596921e-01 1.004211151981073025e+00
1.347000000000000064e+01 1.015936903505574085e+00 9.937498020135963062e-01 9.876118737096932776e-01 1.001932562990190290e+00
1.349000000000000021e+01 1.011171058093643937e+00 1.001845520013904034e+00 9.753281586771378464e-01 1.003624706046608361e+00
1.350999999999999979e+01 1.013067103626071885e+00 1.001413978896616541e+00 9.860644084375287388e-01 1.004870772967519033e+00
1.353000000000000114e+01 1.013424358306582507e+00 1.002929903322642424e+00 9.848558678924181908e-01 1.005748191472058739e+00
1.355000000000000071e+01 1.012111779137153222e+00 1.004486759280485142e+00 9.818783720113368751e-01 1.005877254991519809e+00
1.357000000000000028e+01 1.008193233622572960e+00 1.006674524182830766e+00 9.901985547119181996e-01 1.006121114647342774e+00
1.358999999999999986e+01 1.004980829421881605e+00 1.007537518049994807e+00 9.860640295548227519e-01 1.005056288581899659e+00
1.360999999999999943e+01 1.007862442764012600e+00 1.012015500517440714e+00 1.002540077487774406e+00 1.009746992916651598e+00
1.363000000000000078e+01 1.006979508854559890e+00 1.014207061977183022e+00 9.877536815123042491e-01 1.009568198130279315e+00
1.365000000000000036e+01 1.006979288074449919e+00 1.014181223183549641e+00 9.994878503171796824e-01 1.010367891180071531e+00
1.366999999999999993e+01 1.006295305461800904e+00 1.016571464389415702e+00 9.992476545464487048e-01 1.011382925599525473e+00
1.369000000000000128e+01 1.002874577683794843e+00 1.013231430689236046e+00 1.015954587849709156e+00 1.009401901164392434e+00
1.371000000000000085e+01 1.002754264352428981e+00 1.016131679524637565e+00 1.009266372398305966e+00 1.010465203253323674e+00
1.373000000000000043e+01 9.993860216854464351e-01 1.019838343506365819e+00 1.012262268204213056e+00 1.011377557496436985e+00
1.375000000000000000e+01 9.981970627158199827e-01 1.020942615667675968e+00 1.018537258080331798e+00 1.011950676499073332e+00
1.376999999999999957e+01 9.952601507367954126e-01 1.020902635392660018e+00 1.009716052224817417e+00 1.010177701713744325e+00
1.379000000000000092e+01 9.950416902716122669e-01 1.024340993427897750e+00 1.015639353497359565e+00 1.012369577323367853e+00
1.381000000000000050e+01 9.951640707746034487e-01 1.019548649459119272e+00 1.014266194333672821e+00 1.009721243971220650e+00
1.383000000000000007e+01 9.876714933763578452e-01 1.024862873004116048e+00 1.011143887658459084e+00 1.009481416605193527e+00
1.384999999999999964e+01 9.880657097326357441e-01 1.023942749781379780e+00 1.009437056391359500e+00 1.009016687635999832e+00
1.387000000000000099e+01 9.858264935772783621e-01 1.019641714500087115e+00 1.004215865537213759e+00 1.005451808612906506e+00
1.389000000000000057e+01 9.872091621133470829e-01 1.017877449563647119e+00 1.004457385490023391e+00 1.005047639797045367e+00
1.391000000000000014e+01 9.826825122858834360e-01 1.018846875691935105e+00 1.005465375000891282e+00 1.003887300208621047e+00
1.392999999999999972e+01 9.818556770021736879e-01 1.019173599861237234e+00 1.005727857313804652e+00 1.003761995764167025e+00
1.394999999999999929e+01 9.796265586928913915e-01 1.021541166483110219e+00 9.984282176355177008e-01 1.003675629696310079e+00
1.397000000000000064e+01 9.785244950419142995e-01 1.023125614567101493e+00 9.979697157101077298e-01 1.004076044658063438e+00
1.399000000000000021e+01 9.767802399497481636e-01 1.021317528238778305e+00 9.981203172496994069e-01 1.002428565366364710e+00
1.400999999999999979e+01 9.744162152713735647e-01 1.020373859660471672e+00 9.975726107009126320e-01 1.000961269420845179e+00
1.403000000000000114e+01 9.762438526517467352e-01 1.022247630976159005e+00 9.876141046807918045e-01 1.001996536728884113e+00
1.405000000000000071e+01 9.678332698852525340e-01 1.022702504664324552e+00 9.998711520681600184e-01 9.998301900003652154e-01
1.407000000000000028e+01 9.745827079708831997e-01 1.018610778898188185e+00 1.000920741831328398e+00 1.000301328139481027e+00
1.408999999999999986e+01 9.718012154844637429e-01 1.021502127165261564e+00 1.001224656806678714e+00 1.000812206305542462e+00
1.410999999999999943e+01 9.709739557890751938e-01 1.020492389573473435e+00 1.015894844753255200e+00 1.000960719337319116e+00
1.413000000000000078e+01 9.720220312028744480e-01 1.021915781577283466e+00 1.023644855232378026e+00 1.002677261246616158e+00
1.415000000000000036e+01 9.740425962306765717e-01 1.022108516780811271e+00 1.018316129326868547e+00 1.003196251938340389e+00
1.416999999999999993e+01 9.767504979303672785e-01 1.012794339560506129e+00 1.022668062488427454e+00 9.994943460650170808e-01
1.419000000000000128e+01 9.760515226789697740e-01 1.018517932434928053e+00 1.024139456397188175e+00 1.002431123148166625e+00
1.421000000000000085e+01 9.788582342343651321e-01 1.017584491130189006e+00 1.027998619855013063e+00 1.003281217482463461e+00
1.423000000000000043e+01 9.808010894247942701e-01 1.015594930615884683e+00 1.028946913489921400e+00 1.003021156701578542e+00
1.425000000000000000e+01 9.793903393518128553e-01 1.016113594694624034e+00 1.028823290233923160e+00 1.002746676595442477e+00
1.426999999999999957e+01 9.797563824990732639e-01 1.017517847633263806e+00 1.025468702206629334e+00 1.003418071106835008e+00
1.429000000000000092e+01 9.788608044725867208e-01 1.011891956753507849e+00 1.030289105667844707e+00 1.000351991765296100e+00
1.431000000000000050e+01 9.789430594907410077e-01 1.013896048711434572e+00 1.031479935114749447e+00 1.001554021797685490e+00
1.433000000000000007e+01 9.793362570491479513e-01 1.013743173419807242e+00 1.030494015369112004e+00 1.001555244907357700e+00
1.434999999999999964e+01 9.765397929141454991e-01 1.013885427863532085e+00 1.027784758276873545e+00 1.000359535487078455e+00
1.437000000000000099e+01 9.826365288831601097e-01 1.010173001364817136e+00 1.021710831559627053e+00 1.000289220305061733e+00
1.439000000000000057e+01 9.814338747230872961e-01 1.006148660325908439e+00 1.016420104382991463e+00 9.972718469193919688e-01
1.441000000000000014e+01 9.807736303389843480e-01 1.006838605755922877e+00 1.018780057234888181e+00 9.975537479410716557e-01
1.442999999999999972e+01 9.830226145329113985e-01 1.009928044243567857e+00 1.023004138878535141e+00 1.000395786808912169e+00
1.444999999999999929e+01 9.890986186968239169e-01 1.006466635459478676e+00 1.017280908597049338e+00 1.000477965392394974e+00
1.447000000000000064e+01 9.834373540158584115e-01 1.006698522881852353e+00 1.024617034458468190e+00 9.989160502602698610e-01
1.449000000000000021e+01 9.837994402019326623e-01 1.002644779567814171e+00 1.016351918183769909e+00 9.962835473508128148e-01
1.450999999999999979e+01 9.880382447946506330e-01 1.008148154297314747e+00 1.010777184018654795e+00 1.000527976959068033e+00
1.453000000000000114e+01 9.879497802539018991e-01 1.005398292526310078e+00 1.010858077060298621e+00 9.990070407074794767e-01
1.455000000000000071e+01 9.906255398772051413e-01 1.003667152647208738e+00 1.017786746635051642e+00 9.995863320290663268e-01
1.457000000000000028e+01 9.913087599848455778e-01 9.990802047266477137e-01 1.010334726563492769e+00 9.968454721173302113e-01
1.458999999999999986e+01 9.938440823909618915e-01 1.006213919341311547e+00 1.008237223903943658e+00 1.001554828792733165e+00
1.460999999999999943e+01 9.956697876685851600e-01 9.992426770164105632e-01 1.006023002394655919e+00 9.983266563242740865e-01
1.463000000000000078e+01 9.951632488048245406e-01 1.001680786445240834e+00 9.997538285586929918e-01 9.990183856540340024e-01
1.465000000000000036e+01 9.979539725316284304e-01 9.979810387310570352e-01 9.947369613995445947e-01 9.977455506179213618e-01
1.466999999999999993e+01 9.976409372402403886e-01 1.000347894328763365e+00 9.921653260355359771e-01 9.987301273813954383e-01
1.469000000000000128e+01 9.979411973699698901e-01 9.986757015344438493e-01 1.000202393436518067e+00 9.984965996171033531e-01
1.471000000000000085e+01 9.978372845954782688e-01 1.001097137975802021e+00 9.960271071889925665e-01 9.994807149412449077e-01
1.473000000000000043e+01 9.957490543145032236e-01 9.954545513177903704e-01 9.947928757537470856e-01 9.955229272745449443e-01
1.475000000000000000e+01 9.983257935326680377e-01 9.966703659935219894e-01 1.000061322404353525e+00 9.975478337753131974e-01
1.476999999999999957e+01 9.980205023186432545e-01 9.968108219961182570e-01 1.001645739260046630e+00 9.976154859490015125e-01
1.479000000000000092e+01 9.963474619993561987e-01 9.950044762607371807e-01 9.939156714387494818e-01 9.954500337013386657e-01
1.481000000000000050e+01 1.000759906122857146e+00 9.946154931887704054e-01 1.002174937180337677e+00 9.975237541343499048e-01
1.483000000000000007e+01 1.004073319948107335e+00 9.947834371837517287e-01 1.001767829140218780e+00 9.988722374910599111e-01
1.484999999999999964e+01 1.001904933972517675e+00 9.941791861371146455e-01 1.000441068454752669e+00 9.976110044608571537e-01
1.487000000000000099e+01 1.005070129118239342e+00 9.952446849541497498e-01 9.931880220809942150e-01 9.989142548539611255e-01
1.489000000000000057e+01 1.007638299064346210e+00 9.952453612049060316e-01 9.932915365106662620e-01 9.999182333893739116e-01
1.491000000000000014e+01 1.008692179110930010e+00 9.939097983057219032e-01 9.899118362243134461e-01 9.993679910180147674e-01
1.492999999999999972e+01 1.012525274080700255e+00 9.933000635230918585e-01 9.865466684898808181e-01 1.000290946414320592e+00
1.494999999999999929e+01 1.009457829824525588e+00 9.938744710070868127e-01 9.877406352276231205e-01 9.994953084320200576e-01
1.497000000000000064e+01 1.014542481024198084e+00 9.942719241789264029e-01 9.932350670512910540e-01 1.002064853599702987e+00
1.499000000000000021e+01 1.013912606337899591e+00 9.921117273449348017e-01 9.960375844293870573e-01 1.000842590678948651e+00
