# r(A)  g_SiO  g_OO  g_SiSi   [Dechant JPCC2026 LES, colour-digitized, offset=0 below 1st peak, scale set by 1st-shell CN = 4/6/4]
1.000000000000000000e+00 0.000000000000000000e+00 0.000000000000000000e+00 0.000000000000000000e+00
1.020000000000000018e+00 0.000000000000000000e+00 0.000000000000000000e+00 0.000000000000000000e+00
1.040000000000000036e+00 0.000000000000000000e+00 0.000000000000000000e+00 0.000000000000000000e+00
1.060000000000000053e+00 0.000000000000000000e+00 6.712629990213467117e-03 0.000000000000000000e+00
1.080000000000000071e+00 3.920477050945080089e-03 6.712629990213467117e-03 0.000000000000000000e+00
1.100000000000000089e+00 1.698873388742806051e-02 6.712629990213467117e-03 2.030285710471038934e-03
1.120000000000000107e+00 0.000000000000000000e+00 6.712629990213467117e-03 2.030285710471038934e-03
1.140000000000000124e+00 0.000000000000000000e+00 6.712629990213467117e-03 2.030285710471038934e-03
1.160000000000000142e+00 1.698873388742806051e-02 5.050801952654895670e-03 2.030285710471038934e-03
1.180000000000000160e+00 1.698873388742806051e-02 3.315657972262679720e-03 2.030285710471038934e-03
1.200000000000000178e+00 1.698873388742806051e-02 1.580513991870637026e-03 0.000000000000000000e+00
1.220000000000000195e+00 1.698873388742806051e-02 0.000000000000000000e+00 0.000000000000000000e+00
1.240000000000000213e+00 1.698873388742806051e-02 0.000000000000000000e+00 0.000000000000000000e+00
1.260000000000000231e+00 1.698873388742806051e-02 0.000000000000000000e+00 0.000000000000000000e+00
1.280000000000000249e+00 1.698873388742806051e-02 0.000000000000000000e+00 0.000000000000000000e+00
1.300000000000000266e+00 0.000000000000000000e+00 6.712629990213467117e-03 0.000000000000000000e+00
1.320000000000000284e+00 8.276562663106485848e-03 6.712629990213467117e-03 1.344903646765848500e-03
1.340000000000000302e+00 1.698873388742806051e-02 5.001924657432176013e-03 2.030285710471038934e-03
1.360000000000000320e+00 0.000000000000000000e+00 1.336127515759470610e-03 2.030285710471038934e-03
1.380000000000000338e+00 0.000000000000000000e+00 0.000000000000000000e+00 2.030285710471038934e-03
1.400000000000000355e+00 3.876916194823462614e-02 0.000000000000000000e+00 2.030285710471038934e-03
1.420000000000000373e+00 1.008433819215295568e-01 0.000000000000000000e+00 2.030285710471038934e-03
1.440000000000000391e+00 1.629176018948243487e-01 0.000000000000000000e+00 2.030285710471038934e-03
1.460000000000000409e+00 2.249918218681191129e-01 0.000000000000000000e+00 2.030285710471038934e-03
1.480000000000000426e+00 2.870660418414140436e-01 0.000000000000000000e+00 2.030285710471038934e-03
1.500000000000000444e+00 3.491402618147088077e-01 0.000000000000000000e+00 2.030285710471038934e-03
1.520000000000000462e+00 4.199266530123333951e-01 0.000000000000000000e+00 2.030285710471038934e-03
1.540000000000000480e+00 6.475321262477398143e-01 0.000000000000000000e+00 2.030285710471038934e-03
1.560000000000000497e+00 7.880158872399363190e-01 0.000000000000000000e+00 2.030285710471038934e-03
1.580000000000000515e+00 4.826107249713319725e+00 4.513151705208975385e-03 2.030285710471038934e-03
1.600000000000000533e+00 9.132097877334487634e+00 1.824900467982671672e-03 2.030285710471038934e-03
1.620000000000000551e+00 1.232510863104857535e+01 6.468243514101432688e-03 2.030285710471038934e-03
1.640000000000000568e+00 1.806860751068288806e+01 0.000000000000000000e+00 2.030285710471038934e-03
1.660000000000000586e+00 1.623469546796271246e+01 5.545005715458128925e-03 2.030285710471038934e-03
1.680000000000000604e+00 8.517889806019526944e+00 3.617067959466874292e-03 2.030285710471038934e-03
1.700000000000000622e+00 5.511101712225465299e+00 1.689130203475792697e-03 2.030285710471038934e-03
1.720000000000000639e+00 3.366818569639192127e+00 0.000000000000000000e+00 0.000000000000000000e+00
1.740000000000000657e+00 2.270174016777724901e+00 0.000000000000000000e+00 0.000000000000000000e+00
1.760000000000000675e+00 6.638674472933399073e-01 0.000000000000000000e+00 2.030285710471038934e-03
1.780000000000000693e+00 5.798766715838574726e-01 0.000000000000000000e+00 2.030285710471038934e-03
1.800000000000000711e+00 4.634875091339299424e-01 6.712629990213467117e-03 2.030285710471038934e-03
1.820000000000000728e+00 3.470983466840023013e-01 6.712629990213467117e-03 2.030285710471038934e-03
1.840000000000000746e+00 2.307091842340746601e-01 6.712629990213467117e-03 2.030285710471038934e-03
1.860000000000000764e+00 1.143200217841470051e-01 6.712629990213467117e-03 2.030285710471038934e-03
1.880000000000000782e+00 0.000000000000000000e+00 6.712629990213467117e-03 2.030285710471038934e-03
1.900000000000000799e+00 1.698873388742806051e-02 0.000000000000000000e+00 2.030285710471038934e-03
1.920000000000000817e+00 0.000000000000000000e+00 0.000000000000000000e+00 2.030285710471038934e-03
1.940000000000000835e+00 0.000000000000000000e+00 0.000000000000000000e+00 2.030285710471038934e-03
1.960000000000000853e+00 0.000000000000000000e+00 0.000000000000000000e+00 2.030285710471038934e-03
1.980000000000000870e+00 9.365584066149158782e-03 0.000000000000000000e+00 2.030285710471038934e-03
2.000000000000000888e+00 1.698873388742806051e-02 0.000000000000000000e+00 2.030285710471038934e-03
2.020000000000000906e+00 1.698873388742806051e-02 0.000000000000000000e+00 2.030285710471038934e-03
2.040000000000000924e+00 1.698873388742806051e-02 0.000000000000000000e+00 2.030285710471038934e-03
2.060000000000000941e+00 1.698873388742806051e-02 6.712629990213467117e-03 2.030285710471038934e-03
2.080000000000000959e+00 1.698873388742806051e-02 0.000000000000000000e+00 2.030285710471038934e-03
2.100000000000000977e+00 1.698873388742806051e-02 0.000000000000000000e+00 2.030285710471038934e-03
2.120000000000000995e+00 1.698873388742806051e-02 0.000000000000000000e+00 2.030285710471038934e-03
2.140000000000001013e+00 0.000000000000000000e+00 0.000000000000000000e+00 2.030285710471038934e-03
2.160000000000001030e+00 0.000000000000000000e+00 0.000000000000000000e+00 2.030285710471038934e-03
2.180000000000001048e+00 0.000000000000000000e+00 0.000000000000000000e+00 2.030285710471038934e-03
2.200000000000001066e+00 0.000000000000000000e+00 0.000000000000000000e+00 2.030285710471038934e-03
2.220000000000001084e+00 0.000000000000000000e+00 7.658924048321422064e-04 2.030285710471038934e-03
2.240000000000001101e+00 1.698873388742806051e-02 2.693830160823397057e-03 0.000000000000000000e+00
2.260000000000001119e+00 1.698873388742806051e-02 4.621767916814651690e-03 0.000000000000000000e+00
2.280000000000001137e+00 1.698873388742806051e-02 6.549705672805906757e-03 0.000000000000000000e+00
2.300000000000001155e+00 1.698873388742806051e-02 1.037842713188790941e-02 0.000000000000000000e+00
2.320000000000001172e+00 1.698873388742806051e-02 2.772986693580885634e-02 0.000000000000000000e+00
2.340000000000001190e+00 1.698873388742806051e-02 5.730063054530792205e-02 0.000000000000000000e+00
2.360000000000001208e+00 1.698873388742806051e-02 1.362374623293522158e-01 6.933147264798188711e-05
2.380000000000001226e+00 1.698873388742806051e-02 3.097518603685620042e-01 2.030285710471038934e-03
2.400000000000001243e+00 0.000000000000000000e+00 4.343889631854475630e-01 2.030285710471038934e-03
2.420000000000001261e+00 1.698873388742806051e-02 4.544286542265973949e-01 2.030285710471038934e-03
2.440000000000001279e+00 1.698873388742806051e-02 5.986166751324528690e-01 2.030285710471038934e-03
2.460000000000001297e+00 1.698873388742806051e-02 1.168770323900732322e+00 2.030285710471038934e-03
2.480000000000001315e+00 1.698873388742806051e-02 1.396294133160589590e+00 2.030285710471038934e-03
2.500000000000001332e+00 0.000000000000000000e+00 1.998462410299488123e+00 2.030285710471038934e-03
2.520000000000001350e+00 0.000000000000000000e+00 2.623114243240648680e+00 2.030285710471038934e-03
2.540000000000001368e+00 0.000000000000000000e+00 3.231392182282319059e+00 5.428638443009462834e-03
2.560000000000001386e+00 0.000000000000000000e+00 3.866552633696273666e+00 9.626603583203562770e-03
2.580000000000001403e+00 4.114080855935925863e-04 4.390028465527201718e+00 1.382456872339766357e-02
2.600000000000001421e+00 7.308543638181815363e-03 4.672050458959977171e+00 1.802253386359176437e-02
2.620000000000001439e+00 1.420567919077019188e-02 5.249291315535451474e+00 2.222049900378605600e-02
2.640000000000001457e+00 5.401546159080202608e-02 5.300123702566660100e+00 2.641846414398015680e-02
2.660000000000001474e+00 6.054959000903840927e-02 5.292303335331078884e+00 5.573758575803879761e-02
2.680000000000001492e+00 6.054959000903840927e-02 5.156913227565233626e+00 1.063797049095856762e-01
2.700000000000001510e+00 6.054959000903840927e-02 4.592624854223639197e+00 1.504583388816239375e-01
2.720000000000001528e+00 3.659111914214804168e-02 4.365101044963766164e+00 4.226264121375695182e-01
2.740000000000001545e+00 3.243303742145528523e-02 3.773441386297680111e+00 4.940251367044937170e-01
2.760000000000001563e+00 5.500548104810781824e-02 3.528810523710041114e+00 8.696097480172636507e-01
2.780000000000001581e+00 7.757792467476050391e-02 2.944971232279485651e+00 9.789900619479044996e-01
2.800000000000001599e+00 1.001503683014132035e-01 2.685188408172935137e+00 1.372699221167533956e+00
2.820000000000001616e+00 1.227228119280658891e-01 2.117478624165728185e+00 1.663058476697607091e+00
2.840000000000001634e+00 1.452952555547185887e-01 1.787312494939053975e+00 1.839672867238651754e+00
2.860000000000001652e+00 1.678676991813711217e-01 1.408269070490017150e+00 2.049870978901209284e+00
2.880000000000001670e+00 1.904401428080237935e-01 1.344972973177127162e+00 2.275661532513102880e+00
2.900000000000001688e+00 1.912321583738694486e-01 9.867023991975241159e-01 2.426854911927371461e+00
2.920000000000001705e+00 2.260808432711637894e-01 9.153415481729996195e-01 2.731907045448176863e+00
2.940000000000001723e+00 2.347930144954798182e-01 8.715963689490284771e-01 3.139043029679700059e+00
2.960000000000001741e+00 2.347930144954798182e-01 7.392203610552570137e-01 3.593889220901409054e+00
2.980000000000001759e+00 2.347930144954798182e-01 5.888412160879419321e-01 4.316438982769517096e+00
3.000000000000001776e+00 2.565734425562905541e-01 5.077049060189116059e-01 4.376576499261975783e+00
3.020000000000001794e+00 3.186476625295853182e-01 4.659148186038375439e-01 4.353687594092811253e+00
3.040000000000001812e+00 3.807218825028800824e-01 4.382991468032293447e-01 4.250837448158055309e+00
3.060000000000001830e+00 4.427961024761750131e-01 4.420871371829626084e-01 4.170276498086714412e+00
3.080000000000001847e+00 5.048703224494699437e-01 4.507628570849231409e-01 3.944385992923861384e+00
3.100000000000001865e+00 5.669445424227649299e-01 4.594385769868835623e-01 3.789361137389573031e+00
3.120000000000001883e+00 5.832798634683625805e-01 4.681142968888440947e-01 3.508397327649414699e+00
3.140000000000001901e+00 5.832798634683625805e-01 4.767900167908044606e-01 3.402548635185971282e+00
3.160000000000001918e+00 6.224846339778177251e-01 4.832662584077600521e-01 3.062546776013899130e+00
3.180000000000001936e+00 6.409979978295019531e-01 4.927973309761125575e-01 2.936208015604218069e+00
3.200000000000001954e+00 7.030722178027966063e-01 4.979294469744553475e-01 2.623759467312661631e+00
3.220000000000001972e+00 7.139624318331936337e-01 5.152808867783763569e-01 2.468201536839868648e+00
3.240000000000001990e+00 7.255786601322927742e-01 5.565822012412287023e-01 2.048504974371415877e+00
3.260000000000002007e+00 7.531672023426460028e-01 5.593926457165125932e-01 1.629341486841397346e+00
3.280000000000002025e+00 7.807557445529992313e-01 5.680683656184731811e-01 1.203248025111689712e+00
3.300000000000002043e+00 8.083442867633523488e-01 5.767440855204334360e-01 7.876494762324760535e-01
3.320000000000002061e+00 8.359328289737055773e-01 5.854198054223939129e-01 6.964936617597273782e-01
3.340000000000002078e+00 8.635213711840591388e-01 5.940955253243545009e-01 3.379008141096112583e-01
3.360000000000002096e+00 8.947399847378836313e-01 6.027712452263150888e-01 3.034841633967858554e-01
3.380000000000002114e+00 9.317667124412454260e-01 6.174344337930096627e-01 2.460286801883367347e-01
3.400000000000002132e+00 9.317667124412454260e-01 6.176788202691193552e-01 1.946036072209584578e-01
3.420000000000002149e+00 9.132533485895543146e-01 6.276986657896953536e-01 1.431785342535803474e-01
3.440000000000002167e+00 8.882058563196350010e-01 6.298981440746974636e-01 9.175346128620202879e-02
3.460000000000002185e+00 8.882058563196350010e-01 6.298981440746974636e-01 6.866465301513978436e-02
3.480000000000002203e+00 8.882058563196350010e-01 6.305498413443297867e-01 6.866465301513978436e-02
3.500000000000002220e+00 9.353967837847170230e-01 6.421174678802769042e-01 6.866465301513978436e-02
3.520000000000002238e+00 9.767795971002469768e-01 6.536850944162241328e-01 8.085874223189576382e-02
3.540000000000002256e+00 1.018162410415776931e+00 6.652527209521713614e-01 9.555162022257530918e-02
3.560000000000002274e+00 1.059545223731306551e+00 6.768203474881184789e-01 1.086452733979410279e-01
3.580000000000002292e+00 1.100928037046836616e+00 6.809749175820157818e-01 1.106220929613139087e-01
3.600000000000002309e+00 1.142310850362366459e+00 6.836631688192391643e-01 1.204173449551002167e-01
3.620000000000002327e+00 1.183693663677896524e+00 6.787754392970098971e-01 1.302125969488865109e-01
3.640000000000002345e+00 1.153927078661465044e+00 6.787754392970098971e-01 1.400078489426728190e-01
3.660000000000002363e+00 1.216001298634760808e+00 6.787754392970098971e-01 1.498031009364590993e-01
3.680000000000002380e+00 1.236692705292517847e+00 6.787754392970098971e-01 1.595983529302454074e-01
3.700000000000002398e+00 1.280253561414128161e+00 6.873289659609168600e-01 1.619527672416760378e-01
3.720000000000002416e+00 1.245404876516832626e+00 6.841519417714632123e-01 1.619527672416760378e-01
3.740000000000002434e+00 1.254480054875511064e+00 6.754762218695026244e-01 1.764124249467930450e-01
3.760000000000002451e+00 1.275171461533276096e+00 6.668005019675420364e-01 2.057981809281515528e-01
3.780000000000002469e+00 1.295862868191041128e+00 6.581247820655818925e-01 2.318855357279278051e-01
3.800000000000002487e+00 1.316554274848805939e+00 6.494490621636213046e-01 2.667908384676985212e-01
3.820000000000002505e+00 1.337245681506570971e+00 6.448057191175051717e-01 3.451528544179888747e-01
3.840000000000002522e+00 1.357937088164336004e+00 6.543367916858536804e-01 4.235148703682792837e-01
3.860000000000002540e+00 1.401134937151604865e+00 6.665561154914317887e-01 4.639064026827841580e-01
3.880000000000002558e+00 1.367375273657348789e+00 6.606908400647523161e-01 4.988561283340865460e-01
3.900000000000002576e+00 1.367375273657348789e+00 6.433394002608312512e-01 5.314403339460681552e-01
3.920000000000002593e+00 1.410936129778959325e+00 6.382072842624885167e-01 5.608260899274272182e-01
3.940000000000002611e+00 1.431627536436732795e+00 6.339169439040885923e-01 5.827321381788483912e-01
3.960000000000002629e+00 1.454496985900569639e+00 6.416286949280535223e-01 7.076216010996249084e-01
3.980000000000002647e+00 1.473736364020950429e+00 6.493404459520182304e-01 8.125374124208153415e-01
4.000000000000002665e+00 1.494427770678715461e+00 6.570521969759832714e-01 8.566160463928533808e-01
4.020000000000003126e+00 1.515119177336480716e+00 6.647639479999483125e-01 9.006946803648925304e-01
4.040000000000002700e+00 1.535810583994245082e+00 6.724756990239129095e-01 9.267376122531284510e-01
4.060000000000002274e+00 1.556501990652009670e+00 6.787754392970098971e-01 9.365328642469145093e-01
4.080000000000002736e+00 1.577193397309774925e+00 6.787754392970098971e-01 9.463281162407010116e-01
4.100000000000003197e+00 1.623295303371819820e+00 6.909947631025880055e-01 9.561233682344875140e-01
4.120000000000002771e+00 1.641808667223502827e+00 6.973488114814908601e-01 9.659186202282735723e-01
4.140000000000002345e+00 1.703882887196795926e+00 7.032140869081661139e-01 9.761247841537725733e-01
4.160000000000002807e+00 1.715862122630231745e+00 7.225817151400124594e-01 9.934164024693370454e-01
4.180000000000003268e+00 1.715862122630231745e+00 7.507778048213843425e-01 1.018837413596066277e+00
4.200000000000002842e+00 1.715862122630231745e+00 7.789738945027548933e-01 1.033530291586745253e+00
4.220000000000002416e+00 1.695291718350574683e+00 8.071699841841256662e-01 1.041526415663303506e+00
4.240000000000002878e+00 1.626320362824689614e+00 8.353660738654976603e-01 1.049589174107170564e+00
4.260000000000003340e+00 1.557349007298804988e+00 8.635621635468695434e-01 1.057547221402412196e+00
4.280000000000002913e+00 1.488377651772923027e+00 8.742846201862597422e-01 1.061745186542606190e+00
4.300000000000002487e+00 1.419406296247041066e+00 8.865039439918378505e-01 1.065943151682800183e+00
4.320000000000002949e+00 1.350434940721155996e+00 8.953018571318565044e-01 1.070141116822994842e+00
4.340000000000003411e+00 1.281463585195271371e+00 9.109425916029941783e-01 1.074339081963188836e+00
4.360000000000002984e+00 1.219268362843863862e+00 9.109425916029941783e-01 1.078537047103383051e+00
4.380000000000002558e+00 1.157194142870570541e+00 9.229175289324630382e-01 1.085804952737257523e+00
4.400000000000003020e+00 1.040668852745252115e+00 9.602271976188317959e-01 1.100497830727937831e+00
4.420000000000003482e+00 9.753275685628557401e-01 9.978219838606613434e-01 1.108160782967972269e+00
4.440000000000003055e+00 9.284996482321177247e-01 1.035416770102489226e+00 1.108160782967972269e+00
4.460000000000002629e+00 8.819439832521478451e-01 1.073011556344317219e+00 1.108160782967972269e+00
4.480000000000003091e+00 8.353883182721757450e-01 1.107429318396692786e+00 1.108160782967972269e+00
4.500000000000003553e+00 7.888326532922036449e-01 1.137000082006198731e+00 1.108160782967972269e+00
4.520000000000003126e+00 7.422769883122337653e-01 1.177812623516826251e+00 1.085984865528974774e+00
4.540000000000002700e+00 6.957213233322638857e-01 1.208360933030767637e+00 1.062476260743888234e+00
4.560000000000003162e+00 6.704015757115833196e-01 1.220553102783443311e+00 1.038967655958800584e+00
4.580000000000003624e+00 6.268407195899728945e-01 1.228264853807408352e+00 1.015459051173712934e+00
4.600000000000003197e+00 6.050602915291594108e-01 1.235976604831372949e+00 9.895516091656572089e-01
4.620000000000002771e+00 5.832798634683625805e-01 1.243688355855337990e+00 9.601658531842989230e-01
4.640000000000003233e+00 6.115944199474002696e-01 1.251400106879303031e+00 9.133218929691123700e-01
4.660000000000003695e+00 5.832798634683625805e-01 1.259111857903268072e+00 8.949308075930322293e-01
4.680000000000003268e+00 5.832798634683625805e-01 1.261881571299194871e+00 9.063919187694380319e-01
4.700000000000002842e+00 5.832798634683625805e-01 1.261637184823088731e+00 1.004461048850098903e+00
4.720000000000003304e+00 5.832798634683625805e-01 1.289741629575915649e+00 1.107294536193008883e+00
4.740000000000003766e+00 5.832798634683625805e-01 1.296340064430931749e+00 1.099298412116457513e+00
4.760000000000003340e+00 5.832798634683625805e-01 1.301960953381493979e+00 1.125085912263360077e+00
4.780000000000002913e+00 5.832798634683625805e-01 1.318823620233193994e+00 1.134814529889839774e+00
4.800000000000003375e+00 5.832798634683625805e-01 1.341761036633952964e+00 1.141144794783785832e+00
4.820000000000003837e+00 6.268407195899728945e-01 1.369027584897257954e+00 1.148141403350773526e+00
4.840000000000003411e+00 6.268407195899728945e-01 1.396294133160561390e+00 1.157203677304211142e+00
4.860000000000002984e+00 6.268407195899728945e-01 1.423560681423865271e+00 1.206657483572167511e+00
4.880000000000003446e+00 6.268407195899728945e-01 1.450827229687170039e+00 1.270326621531780109e+00
4.900000000000003908e+00 6.268407195899728945e-01 1.471809554279032595e+00 1.333995759491392707e+00
4.920000000000003482e+00 6.282927481273611336e-01 1.476941670277375662e+00 1.349243923876266349e+00
4.940000000000003055e+00 6.351898836799493298e-01 1.494293110081295950e+00 1.369067648149409289e+00
4.960000000000003517e+00 6.420870192325378589e-01 1.511644549885217126e+00 1.405283426779492917e+00
4.980000000000003979e+00 6.489841547851263881e-01 1.536083197496377784e+00 1.404084008168000164e+00
5.000000000000003553e+00 6.558812903377143622e-01 1.547874844968753827e+00 1.388025125647580849e+00
5.020000000000003126e+00 6.627784258903025583e-01 1.550043774944243946e+00 1.379995684387365751e+00
5.040000000000003588e+00 6.696755614428910874e-01 1.552212704919734287e+00 1.365302806396686108e+00
5.060000000000004050e+00 7.139624318331936337e-01 1.554381634895224185e+00 1.350609928406006244e+00
5.080000000000003624e+00 7.139624318331936337e-01 1.556550564870714304e+00 1.335917050415327267e+00
5.100000000000003197e+00 6.704015757115833196e-01 1.558566753298634255e+00 1.335050803640373429e+00
5.120000000000003659e+00 6.704015757115833196e-01 1.564920801677538220e+00 1.359838788277703214e+00
5.140000000000004121e+00 6.704015757115833196e-01 1.570786077104212364e+00 1.339348720331511311e+00
5.160000000000003695e+00 6.878259181602400796e-01 1.566387120534201038e+00 1.299534685866974959e+00
5.180000000000003268e+00 7.139624318331936337e-01 1.549035680730280529e+00 1.281410137960111051e+00
5.200000000000003730e+00 7.207688156021968551e-01 1.534128105687478039e+00 1.281410137960111051e+00
5.220000000000004192e+00 7.285280930988586867e-01 1.502308986497737475e+00 1.281410137960111051e+00
5.240000000000003766e+00 7.362873705955202963e-01 1.429432939321270801e+00 1.281410137960111051e+00
5.260000000000003340e+00 7.440466480921822390e-01 1.356556892144803905e+00 1.303599382272570884e+00
5.280000000000003801e+00 7.518059255888440706e-01 1.283680844968333901e+00 1.320524511567954251e+00
5.300000000000004263e+00 7.411879669091870904e-01 1.273856508628660622e+00 1.334717631803845839e+00
5.320000000000003837e+00 7.488111167304936089e-01 1.256505068824739890e+00 1.334717631803845839e+00
5.340000000000003411e+00 7.575232879548039477e-01 1.237442923688036212e+00 1.337949398618124786e+00
5.360000000000003872e+00 7.575232879548039477e-01 1.216425686742446999e+00 1.352642276608804428e+00
5.380000000000004334e+00 8.010841440764143728e-01 1.178505051865792019e+00 1.367335154599484293e+00
5.400000000000003908e+00 8.010841440764143728e-01 1.123558825820043738e+00 1.382028032590163491e+00
5.420000000000003482e+00 8.091429024589141816e-01 1.068612599774295013e+00 1.396720910580842911e+00
5.440000000000003944e+00 8.215577464535736008e-01 1.013666373728544068e+00 1.411413788571522554e+00
5.460000000000004405e+00 8.339725904482326868e-01 9.842585344364628286e-01 1.426106666562202641e+00
5.480000000000003979e+00 8.463874344428915508e-01 9.720392106308847202e-01 1.440799544552881617e+00
5.500000000000003553e+00 8.588022784375503038e-01 9.598198868253003946e-01 1.456325352134871354e+00
5.520000000000004015e+00 8.712171224322095009e-01 9.363587851185929400e-01 1.485711108116231527e+00
5.540000000000004476e+00 8.836319664268689200e-01 9.109425916029941783e-01 1.511531925446787605e+00
5.560000000000004050e+00 8.882058563196350010e-01 8.981733982261599358e-01 1.521293860256918373e+00
5.580000000000003624e+00 9.317667124412454260e-01 8.743151684957688463e-01 1.512478133462506813e+00
5.600000000000004086e+00 9.317667124412454260e-01 8.504569387653769796e-01 1.491908104275555091e+00
5.620000000000004547e+00 9.317667124412454260e-01 8.265987090349852240e-01 1.471338075088603592e+00
5.640000000000004121e+00 9.317667124412454260e-01 8.027404793045944675e-01 1.450768045901653203e+00
5.660000000000003695e+00 9.306776910381946433e-01 7.788822495742037111e-01 1.430198016714702369e+00
5.680000000000004157e+00 9.078082415743715661e-01 7.887493535472129835e-01 1.388624834953313680e+00
5.700000000000004619e+00 9.360017956752924029e-01 7.973028802111217228e-01 1.344546200981274975e+00
5.720000000000004192e+00 9.428989312278805990e-01 8.024349962094640132e-01 1.302999672966816957e+00
5.740000000000003766e+00 9.497960667804687951e-01 8.131880011583692003e-01 1.278811397635227110e+00
5.760000000000004228e+00 9.566932023330573243e-01 8.249185520117281456e-01 1.269016145641440607e+00
5.780000000000004690e+00 9.635903378856455204e-01 8.254073249639473087e-01 1.259220893647654105e+00
5.800000000000004263e+00 9.704874734382337165e-01 8.254073249639473087e-01 1.222771894731990550e+00
5.820000000000003837e+00 9.753275685628557401e-01 8.254073249639473087e-01 1.182724639981890924e+00
5.840000000000004299e+00 9.753275685628557401e-01 8.254073249639473087e-01 1.142610750864476499e+00
5.860000000000004761e+00 9.873068039963133202e-01 8.254073249639473087e-01 1.090469358448569848e+00
5.880000000000004334e+00 1.018888424684466054e+00 8.254073249639473087e-01 1.036595472482746638e+00
5.900000000000003908e+00 1.018888424684466054e+00 8.254073249639473087e-01 9.837211020264948758e-01
5.920000000000004370e+00 1.042846895551364561e+00 8.415368323873141376e-01 9.396424680544560593e-01
5.940000000000004832e+00 1.062449280806076368e+00 8.498459725751035254e-01 8.955638340824157995e-01
5.960000000000004405e+00 1.062449280806076368e+00 8.620652963806816338e-01 8.570824869639739330e-01
5.980000000000003979e+00 1.062449280806076368e+00 8.620652963806816338e-01 8.276967309826152031e-01
6.000000000000004441e+00 1.062449280806076368e+00 8.742846201862597422e-01 7.983109750012556960e-01
6.020000000000004903e+00 1.062449280806076368e+00 8.765655606299694869e-01 7.689252190198963000e-01
6.040000000000004476e+00 1.062449280806076368e+00 8.842773116539340839e-01 7.395394630385379031e-01
6.060000000000004050e+00 1.062449280806076368e+00 8.919890626778987919e-01 7.474356355641507133e-01
6.080000000000004512e+00 1.103832094121620866e+00 8.997008137018638330e-01 7.478687589516249679e-01
6.100000000000004974e+00 1.089674815882067049e+00 9.074125647258292071e-01 7.313434358600632290e-01
6.120000000000004547e+00 1.062449280806076368e+00 9.151243157497938041e-01 7.051561295093324855e-01
6.140000000000004121e+00 1.106010136927686682e+00 9.228360667737585121e-01 6.995921598393988194e-01
6.160000000000004583e+00 1.077695580448625901e+00 9.109425916029941783e-01 7.142850378300785730e-01
6.180000000000005045e+00 1.062449280806076368e+00 9.109425916029941783e-01 7.289779158207583265e-01
6.200000000000004619e+00 1.062449280806076368e+00 8.987232677974159589e-01 7.436707938114376359e-01
6.220000000000004192e+00 1.062449280806076368e+00 9.062992485568782675e-01 7.483351995227609521e-01
6.240000000000004654e+00 1.062449280806076368e+00 9.114313645552213350e-01 7.483351995227609521e-01
6.260000000000005116e+00 1.062449280806076368e+00 9.250355450587622874e-01 7.483351995227609521e-01
6.280000000000004690e+00 1.062449280806076368e+00 9.308193583267359017e-01 7.467359747074416854e-01
6.300000000000004263e+00 1.062449280806076368e+00 9.366031715947095160e-01 7.216814526008934472e-01
6.320000000000004725e+00 1.062449280806076368e+00 9.423869848626831303e-01 7.181498311337428664e-01
6.340000000000005187e+00 1.062449280806076368e+00 9.481707981306570776e-01 7.165172891347882933e-01
6.360000000000004761e+00 1.062449280806076368e+00 9.539546113986305809e-01 7.410054191192536610e-01
6.380000000000004334e+00 1.048292002566538983e+00 9.597384246666038621e-01 7.654935491037188067e-01
6.400000000000004796e+00 1.018888424684466054e+00 9.598198868253066118e-01 7.899816790881850626e-01
6.420000000000005258e+00 1.054826130984778398e+00 9.798595778664636047e-01 8.144698090726512074e-01
6.440000000000004832e+00 1.024696538834017456e+00 9.964778582420409370e-01 8.389579390571166861e-01
6.460000000000004405e+00 1.038490809939193626e+00 9.964778582420409370e-01 8.547169669246679202e-01
6.480000000000004867e+00 1.052285081044370685e+00 9.964778582420409370e-01 8.694098449153480068e-01
6.500000000000005329e+00 1.066079352149547521e+00 9.970888244323203864e-01 8.866015116799565998e-01
6.520000000000004903e+00 1.079873623254723913e+00 9.988239684127123708e-01 9.082576810539659817e-01
6.540000000000004476e+00 1.093667894359900084e+00 1.000559112393104355e+00 9.134884788873860462e-01
6.560000000000004938e+00 1.099476008509430836e+00 1.002294256373496451e+00 9.253541558652801369e-01
6.580000000000005400e+00 1.087496773076020551e+00 1.004029400353888768e+00 9.337500861456687895e-01
6.600000000000004974e+00 1.106010136927670473e+00 1.005764544334280863e+00 9.421460164260565540e-01
6.620000000000004547e+00 1.062449280806076368e+00 1.007499688314672959e+00 9.505419467064447625e-01
6.640000000000005009e+00 1.062449280806076368e+00 1.008697182047619156e+00 9.589378769868333041e-01
6.660000000000005471e+00 1.062449280806076368e+00 1.008697182047619156e+00 9.673338072672215127e-01
6.680000000000005045e+00 1.092941880091219620e+00 1.008697182047619156e+00 9.763580044393410651e-01
6.700000000000004619e+00 1.078784601851672242e+00 1.000143655383710417e+00 9.967148036509241305e-01
6.720000000000005080e+00 1.044298924088729930e+00 9.964778582420409370e-01 1.040793437622962614e+00
6.740000000000005542e+00 1.009813246325787839e+00 1.003076293097057814e+00 1.079308101925058327e+00
6.760000000000005116e+00 9.753275685628470804e-01 1.016517549283191935e+00 1.119088819205951379e+00
6.780000000000004690e+00 9.408418907999065439e-01 1.028085175819138941e+00 1.170513892173327797e+00
6.800000000000005151e+00 9.063562130369642311e-01 1.039652802355086836e+00 1.221938965140706879e+00
6.820000000000005613e+00 9.176094342017383498e-01 1.051220428891034286e+00 1.273364038108085960e+00
6.840000000000005187e+00 9.317667124412454260e-01 1.062788055426981071e+00 1.281410137960111051e+00
6.860000000000004761e+00 9.317667124412454260e-01 1.074355681962928299e+00 1.296036381583496322e+00
6.880000000000005222e+00 9.317667124412454260e-01 1.082013124881087807e+00 1.332918503886616257e+00
6.900000000000005684e+00 9.317667124412454260e-01 1.093010516306113455e+00 1.318225625895936171e+00
6.920000000000005258e+00 8.969180275439398997e-01 1.106451772492244023e+00 1.303532747905257194e+00
6.940000000000004832e+00 8.775334465698375608e-01 1.106451772492244023e+00 1.282942728408111632e+00
6.960000000000005294e+00 8.651186025751781417e-01 1.108406864301141326e+00 1.253556972426752125e+00
6.980000000000005755e+00 8.527037585805189446e-01 1.124183369036786839e+00 1.224171216445392396e+00
7.000000000000005329e+00 8.402889145858601916e-01 1.137678933328725162e+00 1.194785460464033999e+00
7.020000000000004903e+00 8.278740705912016606e-01 1.151174497620663040e+00 1.165399704482675602e+00
7.040000000000005365e+00 8.154592265965425746e-01 1.164670061912602028e+00 1.148741112656511243e+00
7.060000000000005826e+00 8.030443826018831555e-01 1.178165626204540573e+00 1.135580825113847725e+00
7.080000000000005400e+00 8.010841440764143728e-01 1.191661190496478895e+00 1.152406002858280099e+00
7.100000000000004974e+00 8.010841440764143728e-01 1.204206362936868890e+00 1.174795150272641031e+00
7.120000000000005436e+00 8.010841440764143728e-01 1.204206362936868890e+00 1.169930841459396298e+00
7.140000000000005898e+00 7.803927374186311328e-01 1.204206362936868890e+00 1.158976151474510941e+00
7.160000000000005471e+00 7.967280584642715269e-01 1.204206362936868890e+00 1.153099000278239084e+00
7.180000000000005045e+00 7.895405172041841668e-01 1.204206362936868890e+00 1.147221849081967671e+00
7.200000000000005507e+00 7.771256732095250808e-01 1.216425686742446999e+00 1.141344697885695814e+00
7.220000000000005969e+00 7.647108292148659947e-01 1.217940882894339660e+00 1.135467546689423735e+00
7.240000000000005542e+00 7.522959852202071307e-01 1.221411170855123851e+00 1.134814529889839774e+00
7.260000000000005116e+00 7.398811412255485997e-01 1.224881458815907820e+00 1.163667210932769036e+00
7.280000000000005578e+00 7.274662972308891806e-01 1.228351746776692233e+00 1.195518438504405090e+00
7.300000000000006040e+00 7.150514532362300946e-01 1.231822034737476423e+00 1.231934120236399144e+00
7.320000000000005613e+00 7.139624318331936337e-01 1.235292322698260392e+00 1.246626998227077898e+00
7.340000000000005187e+00 7.455440525213766767e-01 1.238762610659044583e+00 1.252568562645072436e+00
7.360000000000005649e+00 7.575232879548039477e-01 1.234021513022474759e+00 1.247670936648179296e+00
7.380000000000006111e+00 7.575232879548039477e-01 1.216670073218553139e+00 1.242773310651285490e+00
7.400000000000005684e+00 7.575232879547876275e-01 1.206650227697975142e+00 1.237875684654392794e+00
7.420000000000005258e+00 7.324757956848930718e-01 1.181967193610712341e+00 1.232978058657499876e+00
7.440000000000005720e+00 7.686313062658196582e-01 1.176835077612369052e+00 1.228102644116376041e+00
7.460000000000006182e+00 7.872535722578085648e-01 1.159483637808447432e+00 1.225237366322265764e+00
7.480000000000005755e+00 8.058758382497966943e-01 1.149673266410258021e+00 1.198650253767708174e+00
7.500000000000005329e+00 8.244981042417846018e-01 1.142236935065720882e+00 1.175628079863938025e+00
7.520000000000005791e+00 8.431203702337733974e-01 1.134800603721183077e+00 1.137080098378189907e+00
7.540000000000006253e+00 8.617426362257625261e-01 1.127364272376645271e+00 1.119517182995752203e+00
7.560000000000005826e+00 8.803649022177504335e-01 1.119927941032108132e+00 1.115319217855558209e+00
7.580000000000005400e+00 8.522681500192900161e-01 1.116471618012813138e+00 1.111121252715364438e+00
7.600000000000005862e+00 8.446450001980246869e-01 1.099120178208891963e+00 1.106923287575170001e+00
7.620000000000006324e+00 8.446450001980246869e-01 1.093988062210548895e+00 1.102725322434975785e+00
7.640000000000005898e+00 8.882058563196350010e-01 1.082013124881087807e+00 1.098527357294781792e+00
7.660000000000005471e+00 8.882058563196350010e-01 1.082013124881087807e+00 1.091302288039882384e+00
7.680000000000005933e+00 8.923441376511898060e-01 1.069793801075509698e+00 1.061916532058523321e+00
7.700000000000006395e+00 8.985515596485195156e-01 1.066372390409945581e+00 1.032530776077164036e+00
7.720000000000005969e+00 9.047589816458486700e-01 1.059431814488377421e+00 1.014872668741436001e+00
7.740000000000005542e+00 9.109664036431780465e-01 1.052491238566809262e+00 1.029332326446556811e+00
7.760000000000006004e+00 9.171738256405077561e-01 1.045550662645240880e+00 1.054420165736763337e+00
7.780000000000006466e+00 9.233812476378374656e-01 1.038610086723672277e+00 1.076459482722782912e+00
7.800000000000006040e+00 9.295886696351668421e-01 1.031669510802103895e+00 1.098498799708801821e+00
7.820000000000005613e+00 9.317667124412454260e-01 1.024728934880535514e+00 1.120538116694820507e+00
7.840000000000006075e+00 9.753275685628557401e-01 1.028736873088772485e+00 1.142577433680840526e+00
7.860000000000006537e+00 9.753275685628557401e-01 1.008697182047619156e+00 1.163567259381809160e+00
7.880000000000006111e+00 9.753275685628557401e-01 9.969666311942532166e-01 1.174795150272641031e+00
7.900000000000005684e+00 9.481020334868319743e-01 9.842585344364628286e-01 1.179626141902233805e+00
7.920000000000006146e+00 9.317667124412454260e-01 9.720392106308847202e-01 1.194319019892913447e+00
7.940000000000006608e+00 9.317667124412454260e-01 9.710345106735366327e-01 1.201448897194508536e+00
7.960000000000006182e+00 9.317667124412454260e-01 9.691065729175455390e-01 1.210377902413338758e+00
7.980000000000005755e+00 9.317667124412454260e-01 9.671786351615541122e-01 1.214775770655442289e+00
8.000000000000007105e+00 9.317667124412454260e-01 9.652506974055630184e-01 1.205058258756840361e+00
8.020000000000006679e+00 9.317667124412454260e-01 9.633227596495715916e-01 1.192814193764607955e+00
8.040000000000006253e+00 9.317667124412454260e-01 9.613948218935804979e-01 1.180570128772375105e+00
8.060000000000005826e+00 9.317667124412454260e-01 9.629969110147620359e-01 1.168326063780142476e+00
8.080000000000005400e+00 9.317667124412454260e-01 9.637300704430863396e-01 1.156081998787910070e+00
8.100000000000006750e+00 9.317667124412454260e-01 9.598198868253066118e-01 1.148141403350773526e+00
8.120000000000006324e+00 9.317667124412454260e-01 9.598198868253066118e-01 1.141611235354910825e+00
8.140000000000005898e+00 9.317667124412454260e-01 9.713060512025545323e-01 1.134814529889839774e+00
8.160000000000007248e+00 9.317667124412454260e-01 9.720392106308847202e-01 1.125552352834485070e+00
8.180000000000006821e+00 9.342714616682403772e-01 9.720392106308847202e-01 1.110859474843806538e+00
8.200000000000006395e+00 9.404788836655697537e-01 9.720392106308847202e-01 1.108160782967972269e+00
8.220000000000005969e+00 9.466863056628987971e-01 9.720392106308847202e-01 1.121487656428906021e+00
8.240000000000005542e+00 9.528937276602282846e-01 9.720392106308847202e-01 1.120321555001070335e+00
8.260000000000006892e+00 9.591011496575582163e-01 9.720392106308847202e-01 1.108077490008836596e+00
8.280000000000006466e+00 9.653085716548877038e-01 9.720392106308847202e-01 1.095833425016604190e+00
8.300000000000006040e+00 9.715159936522167472e-01 9.720392106308847202e-01 1.083589360024371340e+00
8.320000000000007390e+00 9.513690976959460199e-01 9.808371237709071488e-01 1.071345295032137601e+00
8.340000000000006963e+00 9.742385471598378199e-01 9.598198868253066118e-01 1.059101230039905195e+00
8.360000000000006537e+00 9.927519110115208267e-01 9.598198868253066118e-01 1.045257940232359184e+00
8.380000000000006111e+00 1.018888424684466054e+00 9.717948241547792465e-01 1.041526415663303506e+00
8.400000000000005684e+00 1.018162410415771379e+00 9.739943024397789140e-01 1.016871699760569348e+00
8.420000000000007034e+00 1.014024129084218240e+00 9.809348783613477396e-01 1.001179306260321589e+00
8.440000000000006608e+00 1.009885847752665100e+00 9.878754542829158991e-01 9.864864282696421682e-01
8.460000000000006182e+00 1.005747566421112182e+00 9.948160302044840586e-01 9.748920483586347441e-01
8.480000000000007532e+00 1.001609285089559043e+00 1.001756606126052995e+00 9.734038808221616712e-01
8.500000000000007105e+00 9.974710037580061250e-01 1.008697182047621599e+00 9.685062548252685311e-01
8.520000000000006679e+00 9.933327224264532074e-01 1.015637757969189758e+00 9.636086288283756129e-01
8.540000000000006253e+00 9.891944410949001787e-01 1.020916505853197265e+00 9.587110028314823618e-01
8.560000000000005826e+00 9.850561597633472610e-01 1.011629819760952342e+00 9.538133768345895547e-01
8.580000000000007176e+00 9.809178784317940103e-01 1.008697182047619156e+00 9.489157508376958594e-01
8.600000000000006750e+00 9.767795971002410926e-01 1.008697182047619156e+00 9.482383014367672391e-01
8.620000000000006324e+00 9.753275685628557401e-01 9.964778582420409370e-01 9.629644966111087223e-01
8.640000000000007674e+00 9.753275685628557401e-01 9.964778582420409370e-01 9.923502525924682294e-01
8.660000000000007248e+00 9.753275685628557401e-01 9.964778582420409370e-01 1.014872668741436001e+00
8.680000000000006821e+00 9.317667124412454260e-01 9.999535770134065915e-01 1.019670343187377703e+00
8.700000000000006395e+00 9.317667124412454260e-01 1.003809452525389112e+00 1.028199542202369754e+00
8.720000000000005969e+00 9.317667124412454260e-01 1.007665328037371300e+00 1.016152048593678803e+00
8.740000000000007319e+00 9.317667124412454260e-01 1.011521203549354153e+00 9.926434438085897094e-01
8.760000000000006892e+00 9.317667124412454260e-01 1.015377079061336563e+00 9.691348390235028365e-01
8.780000000000006466e+00 9.317667124412454260e-01 1.019232954573318750e+00 9.456262342384158526e-01
8.800000000000007816e+00 9.317667124412454260e-01 1.011141046808728738e+00 9.221176294533267592e-01
8.820000000000007390e+00 9.317667124412454260e-01 1.011385433284852864e+00 9.349114279758334867e-01
8.840000000000006963e+00 9.317667124412454260e-01 1.028736873088772930e+00 9.373102651988065581e-01
8.860000000000006537e+00 9.328557338443072000e-01 1.033135829658775373e+00 9.520031431894852014e-01
8.880000000000006111e+00 9.753275685628557401e-01 1.027270554232092348e+00 9.615651748977009916e-01
8.900000000000007461e+00 9.372118194564225124e-01 0.000000000000000000e+00 9.680620257099119552e-01
8.920000000000007034e+00 0.000000000000000000e+00 0.000000000000000000e+00 9.748920483586347441e-01
8.940000000000006608e+00 0.000000000000000000e+00 0.000000000000000000e+00 0.000000000000000000e+00
8.960000000000007958e+00 0.000000000000000000e+00 0.000000000000000000e+00 0.000000000000000000e+00
8.980000000000007532e+00 0.000000000000000000e+00 0.000000000000000000e+00 0.000000000000000000e+00
9.000000000000007105e+00 0.000000000000000000e+00 0.000000000000000000e+00 0.000000000000000000e+00
